Rk,Gtm,Date,,Opp,Rslt,Tm,Opp,OT,FG,FGA,FG%,3P,3PA,3P%,2P,2PA,2P%,eFG%,FT,FTA,FT%,ORB,DRB,TRB,AST,STL,BLK,TOV,PF
1,1,2024-10-23,@,HOU,W,110,105,,38,85,.447,15,39,.385,23,46,.500,.535,19,24,.792,15,41,56,20,6,10,17,21
2,2,2024-10-25,@,ATL,L,120,125,,37,96,.385,21,51,.412,16,45,.356,.495,25,31,.806,22,31,53,22,7,4,18,28
3,3,2024-10-26,,MIA,L,106,114,,39,89,.438,13,41,.317,26,48,.542,.511,15,21,.714,15,31,46,20,6,5,20,24
4,4,2024-10-30,,TOR,W,138,133,,49,94,.521,20,45,.444,29,49,.592,.628,20,25,.800,14,24,38,31,9,8,16,24
5,5,2024-11-01,,BOS,L,109,124,,42,91,.462,19,48,.396,23,43,.535,.566,6,12,.500,12,30,42,20,5,5,16,26
6,6,2024-11-02,,BOS,L,103,113,,40,91,.440,17,42,.405,23,49,.469,.533,6,9,.667,7,27,34,24,10,1,13,25
7,7,2024-11-04,@,MIN,L,93,114,,35,88,.398,10,42,.238,25,46,.543,.455,13,16,.813,9,29,38,19,10,1,14,22
8,8,2024-11-06,,DET,W,108,107,,39,90,.433,14,44,.318,25,46,.543,.511,16,16,1.000,8,39,47,22,5,4,12,16
9,9,2024-11-08,,IND,W,103,83,,38,90,.422,17,50,.340,21,40,.525,.517,10,12,.833,13,43,56,23,6,7,15,16
10,10,2024-11-10,@,PHI,L,105,107,OT,36,95,.379,14,54,.259,22,41,.537,.453,19,22,.864,12,38,50,22,10,5,21,22
11,11,2024-11-12,@,ORL,L,89,114,,34,84,.405,13,38,.342,21,46,.457,.482,8,14,.571,8,40,48,22,7,3,22,18
12,12,2024-11-16,,MIL,W,115,114,,41,93,.441,15,42,.357,26,51,.510,.522,18,21,.857,16,37,53,25,7,4,10,16
13,13,2024-11-17,@,CLE,L,114,128,,42,103,.408,20,52,.385,22,51,.431,.505,10,12,.833,17,23,40,34,12,6,10,23
14,14,2024-11-19,@,BRK,L,115,116,,38,82,.463,20,37,.541,18,45,.400,.585,19,22,.864,13,31,44,25,6,8,23,20
15,15,2024-11-21,,DET,W,123,121,OT,44,93,.473,20,44,.455,24,49,.490,.581,15,21,.714,11,32,43,23,12,5,16,22
16,16,2024-11-23,@,MIL,L,119,125,,41,100,.410,19,47,.404,22,53,.415,.505,18,21,.857,14,34,48,22,6,5,10,21
17,17,2024-11-25,,ORL,L,84,95,,31,75,.413,7,32,.219,24,43,.558,.460,15,19,.789,13,39,52,14,6,5,27,20
18,18,2024-11-27,,MIA,L,94,98,,37,98,.378,17,51,.333,20,47,.426,.464,3,8,.375,16,27,43,22,10,5,13,19
19,19,2024-11-29,,NYK,L,98,99,,36,89,.404,15,47,.319,21,42,.500,.489,11,15,.733,14,25,39,25,8,6,15,19
20,20,2024-11-30,,ATL,L,104,107,,35,94,.372,18,48,.375,17,46,.370,.468,16,19,.842,18,27,45,23,13,6,15,23
21,21,2024-12-03,,PHI,L,104,110,,34,77,.442,13,34,.382,21,43,.488,.526,23,28,.821,15,32,47,22,5,3,19,17
22,22,2024-12-05,@,NYK,L,101,125,,40,89,.449,15,39,.385,25,50,.500,.534,6,10,.600,10,30,40,27,3,4,11,22
23,23,2024-12-07,,CLE,L,102,116,,37,86,.430,11,39,.282,26,47,.553,.494,17,19,.895,10,27,37,21,6,5,11,27
24,24,2024-12-08,@,IND,W,113,109,,40,78,.513,14,29,.483,26,49,.531,.603,19,26,.731,10,35,45,24,11,3,25,18
25,25,2024-12-13,@,CHI,L,95,109,,35,98,.357,8,46,.174,27,52,.519,.398,17,21,.810,17,37,54,22,7,5,17,20
26,26,2024-12-16,,PHI,L,108,121,,42,83,.506,12,38,.316,30,45,.667,.578,12,21,.571,9,29,38,30,12,8,20,27
27,27,2024-12-19,@,WAS,L,114,123,,43,106,.406,8,43,.186,35,63,.556,.443,20,27,.741,22,30,52,30,12,2,8,21
28,28,2024-12-20,@,PHI,L,98,108,,36,78,.462,10,31,.323,26,47,.553,.526,16,21,.762,13,31,44,22,7,4,17,19
29,29,2024-12-23,,HOU,L,101,114,,37,89,.416,10,36,.278,27,53,.509,.472,17,24,.708,11,33,44,25,8,6,11,15
30,30,2024-12-26,@,WAS,L,110,113,,41,94,.436,17,42,.405,24,52,.462,.527,11,14,.786,11,39,50,31,6,4,19,23
31,31,2024-12-28,,OKC,L,94,106,,29,80,.363,11,34,.324,18,46,.391,.431,25,28,.893,8,36,44,17,9,5,18,16
32,32,2024-12-30,,CHI,L,108,115,OT,42,101,.416,10,43,.233,32,58,.552,.465,14,20,.700,9,47,56,23,8,6,14,20
33,33,2025-01-03,@,DET,L,94,98,,33,80,.413,9,30,.300,24,50,.480,.469,19,30,.633,9,36,45,25,8,6,18,10
34,34,2025-01-05,@,CLE,L,105,115,,38,91,.418,15,42,.357,23,49,.469,.500,14,19,.737,13,35,48,19,9,4,16,18
35,35,2025-01-07,,PHO,W,115,104,,38,98,.388,13,47,.277,25,51,.490,.454,26,29,.897,20,39,59,23,9,5,14,19
36,36,2025-01-12,@,PHO,L,113,120,,41,92,.446,15,40,.375,26,52,.500,.527,16,20,.800,15,37,52,30,10,2,16,20
37,37,2025-01-15,@,UTA,W,117,112,,45,85,.529,12,39,.308,33,46,.717,.600,15,21,.714,11,34,45,27,6,6,18,16
38,38,2025-01-17,@,CHI,W,125,123,,48,96,.500,13,34,.382,35,62,.565,.568,16,20,.800,13,31,44,26,9,2,12,13
39,39,2025-01-20,,DAL,W,110,105,,40,98,.408,17,39,.436,23,59,.390,.495,13,18,.722,17,32,49,28,10,7,13,16
40,40,2025-01-22,@,MEM,L,120,132,,41,86,.477,11,31,.355,30,55,.545,.541,27,32,.844,11,22,33,27,9,4,16,19
41,41,2025-01-24,,POR,L,97,102,,32,85,.376,9,31,.290,23,54,.426,.429,24,28,.857,16,30,46,20,9,6,16,28
42,42,2025-01-25,,NOP,W,123,92,,42,84,.500,21,50,.420,21,34,.618,.625,18,25,.720,9,39,48,28,11,5,15,18
43,43,2025-01-27,,LAL,L,107,112,,39,87,.448,14,36,.389,25,51,.490,.529,15,18,.833,10,24,34,26,11,3,14,19
44,44,2025-01-29,,BRK,L,83,104,,28,83,.337,10,35,.286,18,48,.375,.398,17,25,.680,18,34,52,18,6,7,17,19
45,45,2025-01-31,,LAC,L,104,112,,42,96,.438,7,30,.233,35,66,.530,.474,13,15,.867,13,29,42,18,11,3,9,16
46,46,2025-02-01,,DEN,L,104,107,,41,95,.432,9,26,.346,32,69,.464,.479,13,17,.765,13,38,51,31,5,6,12,13
47,47,2025-02-03,,WAS,L,114,124,,39,89,.438,11,29,.379,28,60,.467,.500,25,28,.893,9,37,46,26,4,1,11,17
48,48,2025-02-05,,MIL,L,102,112,,38,88,.432,11,34,.324,27,54,.500,.494,15,20,.750,9,32,41,21,4,1,8,14
49,49,2025-02-07,,SAS,W,117,116,,47,101,.465,17,38,.447,30,63,.476,.550,6,6,1.000,16,37,53,33,4,4,11,22
50,50,2025-02-09,@,DET,L,102,112,,34,78,.436,15,32,.469,19,46,.413,.532,19,23,.826,9,28,37,25,8,1,14,18
51,51,2025-02-10,@,BRK,L,89,97,,32,78,.410,6,31,.194,26,47,.553,.449,19,28,.679,11,29,40,18,7,7,18,10
52,52,2025-02-12,@,ORL,L,86,102,,32,81,.395,8,26,.308,24,55,.436,.444,14,15,.933,6,37,43,21,4,4,12,15
53,53,2025-02-19,@,LAL,W,100,97,,33,91,.363,18,53,.340,15,38,.395,.462,16,17,.941,9,38,47,20,12,4,19,16
54,54,2025-02-20,@,DEN,L,115,129,,43,99,.434,15,37,.405,28,62,.452,.510,14,17,.824,14,31,45,28,10,2,10,21
55,55,2025-02-22,@,POR,L,88,141,,34,98,.347,5,32,.156,29,66,.439,.372,15,21,.714,12,25,37,19,12,7,17,21
56,56,2025-02-24,@,SAC,L,88,130,,30,85,.353,10,40,.250,20,45,.444,.412,18,24,.750,15,22,37,24,14,4,19,16
57,57,2025-02-25,@,GSW,L,92,128,,33,89,.371,11,40,.275,22,49,.449,.433,15,18,.833,18,32,50,18,7,8,25,15
58,58,2025-02-27,@,DAL,L,96,103,,40,98,.408,7,27,.259,33,71,.465,.444,9,13,.692,14,42,56,25,3,2,15,16
59,59,2025-03-01,,WAS,L,100,113,,41,93,.441,14,42,.333,27,51,.529,.516,4,6,.667,11,33,44,28,9,5,17,14
60,60,2025-03-03,,GSW,L,101,119,,34,86,.395,11,40,.275,23,46,.500,.459,22,33,.667,8,39,47,20,3,6,17,19
61,61,2025-03-05,,MIN,L,110,125,,42,95,.442,12,42,.286,30,53,.566,.505,14,18,.778,20,37,57,26,3,2,15,18
62,62,2025-03-07,,CLE,L,117,118,,44,92,.478,13,37,.351,31,55,.564,.549,16,21,.762,10,33,43,29,7,3,12,33
63,63,2025-03-08,,BRK,W,105,102,,40,98,.408,11,34,.324,29,64,.453,.464,14,16,.875,22,28,50,25,4,2,10,13
64,64,2025-03-10,@,MIA,W,105,102,,36,86,.419,11,44,.250,25,42,.595,.483,22,23,.957,9,27,36,26,10,6,10,16
65,65,2025-03-12,@,ATL,L,110,123,,40,88,.455,14,35,.400,26,53,.491,.534,16,18,.889,10,37,47,29,9,9,21,26
66,66,2025-03-14,@,SAS,W,145,134,,51,85,.600,26,46,.565,25,39,.641,.753,17,19,.895,8,26,34,42,7,2,20,17
67,67,2025-03-16,@,LAC,L,88,123,,37,94,.394,6,33,.182,31,61,.508,.426,8,9,.889,11,33,44,27,5,5,11,18
68,68,2025-03-18,,ATL,L,102,134,,38,84,.452,10,30,.333,28,54,.519,.512,16,21,.762,10,29,39,25,7,8,17,16
69,69,2025-03-20,,NYK,W,115,98,,43,88,.489,15,32,.469,28,56,.500,.574,14,17,.824,11,41,52,25,1,3,12,20
70,70,2025-03-21,@,OKC,L,106,141,,37,80,.463,19,41,.463,18,39,.462,.581,13,13,1.000,6,23,29,29,6,4,16,13
71,71,2025-03-23,@,MIA,L,105,122,,41,87,.471,11,33,.333,30,54,.556,.534,12,13,.923,12,28,40,24,5,4,20,15
72,72,2025-03-25,,ORL,L,104,111,,37,88,.420,14,34,.412,23,54,.426,.500,16,21,.762,8,30,38,26,4,3,11,22
73,73,2025-03-28,@,TOR,L,97,108,,39,96,.406,9,31,.290,30,65,.462,.453,10,15,.667,13,43,56,29,5,5,18,12
74,74,2025-03-30,@,NOP,L,94,98,,32,91,.352,8,33,.242,24,58,.414,.396,22,25,.880,12,38,50,20,15,6,15,17
75,75,2025-03-31,,UTA,W,110,106,,43,80,.538,15,38,.395,28,42,.667,.631,9,14,.643,10,37,47,33,3,5,18,14
76,76,2025-04-02,@,IND,L,105,119,,41,78,.526,10,24,.417,31,54,.574,.590,13,18,.722,9,35,44,20,3,2,18,15
77,77,2025-04-04,,SAC,L,102,125,,33,83,.398,8,35,.229,25,48,.521,.446,28,34,.824,11,34,45,17,2,2,13,19
78,78,2025-04-06,,CHI,L,117,131,,41,85,.482,8,30,.267,33,55,.600,.529,27,34,.794,9,31,40,25,7,2,14,22
79,79,2025-04-08,,MEM,L,100,124,,37,81,.457,11,38,.289,26,43,.605,.525,15,23,.652,6,32,38,22,3,4,15,18
80,80,2025-04-09,@,TOR,L,96,126,,36,82,.439,11,35,.314,25,47,.532,.506,13,16,.813,5,36,41,23,5,3,19,13
81,81,2025-04-11,@,BOS,L,94,130,,36,93,.387,15,40,.375,21,53,.396,.468,7,10,.700,12,36,48,25,7,4,17,14
82,82,2025-04-13,@,BOS,L,86,93,,32,85,.376,11,39,.282,21,46,.457,.441,11,18,.611,18,33,51,23,10,4,17,16
,,,,,19-63,8618,9365,,3142,7308,.430,1065,3143,.339,2077,4165,.499,.503,1269,1621,.783,1003,2703,3706,1994,607,368,1271,1535