Rk,Gtm,Date,,Opp,Rslt,Tm,Opp,OT,FG,FGA,FG%,3P,3PA,3P%,2P,2PA,2P%,eFG%,FT,FTA,FT%,ORB,DRB,TRB,AST,STL,BLK,TOV,PF
1,1,2024-10-23,@,TOR,W,136,106,,51,87,.586,14,30,.467,37,57,.649,.667,20,26,.769,8,28,36,29,10,9,13,22
2,2,2024-10-25,,DET,W,113,101,,42,82,.512,13,34,.382,29,48,.604,.591,16,23,.696,5,34,39,28,13,4,13,15
3,3,2024-10-26,@,WAS,W,135,116,,47,88,.534,18,39,.462,29,49,.592,.636,23,34,.676,11,37,48,27,13,10,17,27
4,4,2024-10-28,@,NYK,W,110,104,,39,82,.476,12,36,.333,27,46,.587,.549,20,24,.833,9,32,41,21,10,5,14,20
5,5,2024-10-30,,LAL,W,134,110,,56,97,.577,17,41,.415,39,56,.696,.665,5,8,.625,6,30,36,37,14,2,12,26
6,6,2024-11-01,,ORL,W,120,109,,44,87,.506,15,38,.395,29,49,.592,.592,17,20,.850,7,42,49,25,6,4,13,21
7,7,2024-11-02,@,MIL,W,114,113,,44,91,.484,15,38,.395,29,53,.547,.566,11,15,.733,10,35,45,31,3,2,7,20
8,8,2024-11-04,,MIL,W,116,114,,46,91,.505,17,37,.459,29,54,.537,.599,7,13,.538,5,34,39,28,10,4,10,15
9,9,2024-11-06,@,NOP,W,131,122,,52,96,.542,17,35,.486,35,61,.574,.630,10,13,.769,12,34,46,33,6,10,13,21
10,10,2024-11-08,,GSW,W,136,117,,46,85,.541,20,42,.476,26,43,.605,.659,24,28,.857,9,34,43,33,7,7,20,12
11,11,2024-11-09,,BRK,W,105,100,,40,74,.541,10,28,.357,30,46,.652,.608,15,19,.789,4,29,33,24,12,5,16,18
12,12,2024-11-11,@,CHI,W,119,113,,43,97,.443,15,45,.333,28,52,.538,.521,18,24,.750,12,31,43,26,14,3,9,13
13,13,2024-11-13,@,PHI,W,114,106,,42,85,.494,16,40,.400,26,45,.578,.588,14,17,.824,9,37,46,25,8,1,11,14
14,14,2024-11-15,,CHI,W,144,126,,51,93,.548,21,43,.488,30,50,.600,.661,21,24,.875,4,36,40,33,11,6,13,16
15,15,2024-11-17,,CHO,W,128,114,,44,77,.571,13,30,.433,31,47,.660,.656,27,28,.964,9,39,48,26,3,4,20,15
16,16,2024-11-19,@,BOS,L,117,120,,46,93,.495,10,29,.345,36,64,.563,.548,15,17,.882,12,29,41,30,4,3,7,15
17,17,2024-11-20,,NOP,W,128,100,,49,93,.527,18,42,.429,31,51,.608,.624,12,14,.857,16,36,52,29,10,9,14,16
18,18,2024-11-24,,TOR,W,122,108,,48,97,.495,16,41,.390,32,56,.571,.577,10,14,.714,14,35,49,27,11,4,14,21
19,19,2024-11-27,,ATL,L,124,135,,44,95,.463,15,48,.313,29,47,.617,.542,21,28,.750,12,32,44,31,11,5,13,21
20,20,2024-11-29,@,ATL,L,101,117,,38,93,.409,11,38,.289,27,55,.491,.468,14,17,.824,11,29,40,21,9,0,13,22
21,21,2024-12-01,,BOS,W,115,111,,39,80,.488,17,36,.472,22,44,.500,.594,20,25,.800,6,38,44,22,5,7,18,20
22,22,2024-12-03,,WAS,W,118,87,,43,89,.483,16,46,.348,27,43,.628,.573,16,25,.640,7,38,45,31,11,4,11,20
23,23,2024-12-05,,DEN,W,126,114,,47,94,.500,22,48,.458,25,46,.543,.617,10,16,.625,9,38,47,32,9,3,17,17
24,24,2024-12-07,@,CHO,W,116,102,,42,84,.500,14,38,.368,28,46,.609,.583,18,24,.750,14,33,47,28,6,6,12,20
25,25,2024-12-08,@,MIA,L,113,122,,41,86,.477,14,33,.424,27,53,.509,.558,17,18,.944,5,31,36,25,5,1,9,18
26,26,2024-12-13,,WAS,W,115,105,,36,91,.396,15,50,.300,21,41,.512,.478,28,40,.700,16,34,50,27,10,5,11,14
27,27,2024-12-16,@,BRK,W,130,101,,43,81,.531,19,47,.404,24,34,.706,.648,25,29,.862,12,30,42,33,14,6,17,19
28,28,2024-12-20,,MIL,W,124,101,,46,91,.505,20,47,.426,26,44,.591,.615,12,14,.857,9,39,48,30,11,0,18,10
29,29,2024-12-21,,PHI,W,126,99,,48,90,.533,22,43,.512,26,47,.553,.656,8,15,.533,13,36,49,31,8,1,13,18
30,30,2024-12-23,,UTA,W,124,113,,43,91,.473,20,46,.435,23,45,.511,.582,18,23,.783,10,30,40,33,10,3,9,23
31,31,2024-12-27,@,DEN,W,149,135,,54,96,.563,23,48,.479,31,48,.646,.682,18,22,.818,9,29,38,40,10,7,11,17
32,32,2024-12-30,@,GSW,W,113,95,,44,96,.458,18,47,.383,26,49,.531,.552,7,10,.700,11,43,54,25,10,6,16,25
33,33,2024-12-31,@,LAL,W,122,110,,45,93,.484,18,46,.391,27,47,.574,.581,14,17,.824,10,38,48,32,5,8,11,15
34,34,2025-01-03,@,DAL,W,134,122,,52,98,.531,15,40,.375,37,58,.638,.607,15,20,.750,10,36,46,38,5,7,8,20
35,35,2025-01-05,,CHO,W,115,105,,44,92,.478,15,43,.349,29,49,.592,.560,12,16,.750,9,32,41,29,5,5,12,17
36,36,2025-01-08,,OKC,W,129,122,,47,90,.522,15,36,.417,32,54,.593,.606,20,27,.741,12,28,40,36,7,2,15,20
37,37,2025-01-09,,TOR,W,132,126,,47,89,.528,18,45,.400,29,44,.659,.629,20,25,.800,16,26,42,31,8,3,11,11
38,38,2025-01-12,,IND,L,93,108,,33,83,.398,11,41,.268,22,42,.524,.464,16,18,.889,6,38,44,24,4,5,13,18
39,39,2025-01-14,@,IND,W,127,117,,43,89,.483,15,44,.341,28,45,.622,.567,26,31,.839,14,35,49,25,8,6,15,18
40,40,2025-01-16,@,OKC,L,114,134,,42,90,.467,13,42,.310,29,48,.604,.539,17,21,.810,11,38,49,32,2,5,21,11
41,41,2025-01-18,@,MIN,W,124,117,,42,92,.457,17,48,.354,25,44,.568,.549,23,25,.920,13,34,47,27,4,1,8,18
42,42,2025-01-20,,PHO,W,118,92,,41,95,.432,19,46,.413,22,49,.449,.532,17,23,.739,15,35,50,27,10,1,9,18
43,43,2025-01-22,@,HOU,L,108,109,,41,97,.423,13,41,.317,28,56,.500,.490,13,19,.684,20,25,45,25,12,5,13,18
44,44,2025-01-24,@,PHI,L,129,132,,45,90,.500,25,52,.481,20,38,.526,.639,14,19,.737,10,27,37,30,10,5,16,20
45,45,2025-01-25,,HOU,L,131,135,,47,91,.516,17,39,.436,30,52,.577,.610,20,26,.769,10,30,40,28,4,5,11,30
46,46,2025-01-27,,DET,W,110,91,,40,91,.440,12,44,.273,28,47,.596,.505,18,23,.783,12,41,53,28,5,4,10,13
47,47,2025-01-29,@,MIA,W,126,106,,54,100,.540,13,42,.310,41,58,.707,.605,5,6,.833,13,34,47,29,10,2,7,17
48,48,2025-01-30,,ATL,W,137,115,,53,91,.582,13,39,.333,40,52,.769,.654,18,20,.900,10,39,49,34,9,3,12,19
49,49,2025-02-02,,DAL,W,144,101,,53,93,.570,26,45,.578,27,48,.563,.710,12,16,.750,3,48,51,39,7,8,9,17
50,50,2025-02-04,,BOS,L,105,112,,36,91,.396,11,39,.282,25,52,.481,.456,22,26,.846,14,37,51,18,6,1,13,23
51,51,2025-02-05,@,DET,W,118,115,,41,85,.482,16,38,.421,25,47,.532,.576,20,24,.833,11,35,46,28,6,7,24,22
52,52,2025-02-07,@,WAS,W,134,124,,48,94,.511,16,38,.421,32,56,.571,.596,22,24,.917,15,31,46,32,9,3,14,20
53,53,2025-02-10,,MIN,W,128,107,,48,94,.511,17,43,.395,31,51,.608,.601,15,20,.750,14,35,49,27,10,5,17,24
54,54,2025-02-12,@,TOR,W,131,108,,48,99,.485,18,53,.340,30,46,.652,.576,17,20,.850,13,40,53,34,11,4,13,19
55,55,2025-02-20,@,BRK,W,110,97,,40,94,.426,11,39,.282,29,55,.527,.484,19,27,.704,17,35,52,19,8,5,17,20
56,56,2025-02-21,,NYK,W,142,105,,56,92,.609,19,37,.514,37,55,.673,.712,11,15,.733,11,36,47,38,12,2,15,15
57,57,2025-02-23,,MEM,W,129,123,,46,99,.465,13,47,.277,33,52,.635,.530,24,35,.686,22,35,57,25,5,5,14,25
58,58,2025-02-25,@,ORL,W,122,82,,45,80,.563,19,32,.594,26,48,.542,.681,13,16,.813,9,38,47,25,5,5,12,13
59,59,2025-02-28,@,BOS,W,123,116,,45,94,.479,17,39,.436,28,55,.509,.569,16,19,.842,14,30,44,23,4,3,8,14
60,60,2025-03-02,,POR,W,133,129,OT,42,97,.433,19,46,.413,23,51,.451,.531,30,35,.857,13,34,47,27,12,5,15,27
61,61,2025-03-04,@,CHI,W,139,117,,46,98,.469,17,48,.354,29,50,.580,.556,30,33,.909,11,42,53,27,4,4,9,14
62,62,2025-03-05,,MIA,W,112,107,,41,87,.471,14,40,.350,27,47,.574,.552,16,22,.727,10,37,47,26,7,4,13,19
63,63,2025-03-07,@,CHO,W,118,117,,32,76,.421,11,34,.324,21,42,.500,.493,43,51,.843,9,36,45,16,7,4,14,19
64,64,2025-03-09,@,MIL,W,112,100,,39,88,.443,19,47,.404,20,41,.488,.551,15,19,.789,13,31,44,25,11,2,15,15
65,65,2025-03-11,,BRK,W,109,104,,39,89,.438,10,42,.238,29,47,.617,.494,21,25,.840,12,36,48,23,7,4,15,10
66,66,2025-03-14,@,MEM,W,133,124,,44,88,.500,19,51,.373,25,37,.676,.608,26,33,.788,8,35,43,32,9,4,16,17
67,67,2025-03-16,,ORL,L,103,108,,40,96,.417,10,40,.250,30,56,.536,.469,13,20,.650,16,32,48,21,7,1,14,22
68,68,2025-03-18,@,LAC,L,119,132,,44,90,.489,14,41,.341,30,49,.612,.567,17,26,.654,10,19,29,29,6,0,9,21
69,69,2025-03-19,@,SAC,L,119,123,,46,84,.548,13,34,.382,33,50,.660,.625,14,18,.778,8,29,37,24,7,1,12,14
70,70,2025-03-21,@,PHO,L,112,123,,42,94,.447,17,45,.378,25,49,.510,.537,11,14,.786,16,28,44,24,11,5,11,12
71,71,2025-03-23,@,UTA,W,120,91,,44,96,.458,11,48,.229,33,48,.688,.516,21,31,.677,14,37,51,28,9,7,7,16
72,72,2025-03-25,@,POR,W,122,111,,48,88,.545,12,27,.444,36,61,.590,.614,14,17,.824,9,32,41,28,4,6,14,18
73,73,2025-03-27,,SAS,W,124,116,,46,99,.465,17,48,.354,29,51,.569,.551,15,18,.833,14,42,56,33,7,5,14,14
74,74,2025-03-28,@,DET,L,122,133,,39,84,.464,15,40,.375,24,44,.545,.554,29,38,.763,11,30,41,16,9,3,15,27
75,75,2025-03-30,,LAC,W,127,122,,47,93,.505,15,45,.333,32,48,.667,.586,18,23,.783,10,35,45,33,11,3,10,17
76,76,2025-04-02,,NYK,W,124,105,,50,94,.532,12,37,.324,38,57,.667,.596,12,14,.857,15,29,44,23,8,5,13,18
77,77,2025-04-04,@,SAS,W,114,113,,41,87,.471,22,51,.431,19,36,.528,.598,10,14,.714,7,37,44,31,6,4,17,13
78,78,2025-04-06,,SAC,L,113,120,,46,88,.523,10,38,.263,36,50,.720,.580,11,19,.579,13,26,39,31,11,5,16,17
79,79,2025-04-08,,CHI,W,135,113,,51,100,.510,25,50,.500,26,50,.520,.635,8,13,.615,16,29,45,35,13,3,13,15
80,80,2025-04-10,@,IND,L,112,114,,43,98,.439,17,37,.459,26,61,.426,.526,9,13,.692,11,39,50,24,6,3,11,16
81,81,2025-04-11,@,NYK,W,108,102,,38,77,.494,11,31,.355,27,46,.587,.565,21,30,.700,13,36,49,23,7,2,15,17
82,82,2025-04-13,,IND,L,118,126,2OT,44,115,.383,18,60,.300,26,55,.473,.461,12,22,.545,18,47,65,21,6,9,22,23