Rk,Gtm,Date,,Opp,Rslt,Tm,Opp,OT,FG,FGA,FG%,3P,3PA,3P%,2P,2PA,2P%,eFG%,FT,FTA,FT%,ORB,DRB,TRB,AST,STL,BLK,TOV,PF
1,1,2024-10-24,,SAS,W,120,109,,42,102,.412,19,44,.432,23,58,.397,.505,17,23,.739,17,33,50,27,9,5,10,21
2,2,2024-10-26,@,PHO,L,102,114,,37,93,.398,13,41,.317,24,52,.462,.468,15,18,.833,12,34,46,22,6,2,9,28
3,3,2024-10-28,,UTA,W,110,102,,43,95,.453,11,39,.282,32,56,.571,.511,13,17,.765,13,37,50,27,9,12,14,23
4,4,2024-10-29,@,MIN,W,120,114,,45,93,.484,16,39,.410,29,54,.537,.570,14,18,.778,12,28,40,25,12,2,10,21
5,5,2024-10-31,,HOU,L,102,108,,39,85,.459,10,30,.333,29,55,.527,.518,14,20,.700,10,27,37,21,6,7,10,27
6,6,2024-11-03,,ORL,W,108,85,,42,85,.494,10,32,.313,32,53,.604,.553,14,23,.609,12,41,53,25,8,5,19,22
7,7,2024-11-04,,IND,L,127,134,,46,89,.517,15,36,.417,31,53,.585,.601,20,25,.800,5,33,38,29,4,3,9,18
8,8,2024-11-06,,CHI,W,119,99,,45,93,.484,12,38,.316,33,55,.600,.548,17,21,.810,9,38,47,33,11,4,15,19
9,9,2024-11-08,,PHO,L,113,114,,41,80,.513,11,33,.333,30,47,.638,.581,20,22,.909,8,31,39,18,5,1,11,22
10,10,2024-11-10,@,DEN,L,120,122,,48,90,.533,10,33,.303,38,57,.667,.589,14,19,.737,10,32,42,29,7,5,10,17
11,11,2024-11-12,@,GSW,L,117,120,,44,84,.524,11,34,.324,33,50,.660,.589,18,24,.750,8,32,40,26,6,1,18,23
12,12,2024-11-14,@,UTA,L,113,115,,43,85,.506,12,39,.308,31,46,.674,.576,15,20,.750,11,19,30,25,11,10,17,18
13,13,2024-11-16,,SAS,W,110,93,,44,94,.468,8,31,.258,36,63,.571,.511,14,18,.778,13,40,53,26,9,7,15,18
14,14,2024-11-17,@,OKC,W,121,119,,40,84,.476,11,27,.407,29,57,.509,.542,30,36,.833,18,35,53,18,4,5,16,20
15,15,2024-11-19,,NOP,W,132,91,,49,94,.521,14,31,.452,35,63,.556,.596,20,25,.800,14,34,48,26,12,7,12,15
16,16,2024-11-22,@,DEN,W,123,120,,46,91,.505,10,27,.370,36,64,.563,.560,21,27,.778,12,32,44,24,11,5,13,22
17,17,2024-11-24,@,MIA,L,118,123,OT,44,105,.419,10,40,.250,34,65,.523,.467,20,25,.800,15,44,59,29,6,9,14,24
18,18,2024-11-25,@,ATL,W,129,119,,47,94,.500,16,35,.457,31,59,.525,.585,19,22,.864,10,41,51,24,6,8,18,13
19,19,2024-11-27,,NYK,W,129,114,,48,85,.565,17,33,.515,31,52,.596,.665,16,21,.762,10,33,43,27,6,4,13,25
20,20,2024-11-30,@,UTA,W,106,94,,41,90,.456,15,39,.385,26,51,.510,.539,9,15,.600,12,36,48,30,12,6,15,21
21,21,2024-12-01,@,POR,W,137,131,,48,87,.552,18,36,.500,30,51,.588,.655,23,29,.793,8,25,33,33,13,0,13,15
22,22,2024-12-03,,MEM,W,121,116,,39,81,.481,13,32,.406,26,49,.531,.562,30,44,.682,14,35,49,24,8,8,25,23
23,23,2024-12-05,@,WAS,W,137,101,,48,89,.539,20,38,.526,28,51,.549,.652,21,27,.778,13,45,58,27,8,12,16,16
24,24,2024-12-07,@,TOR,W,125,118,,38,81,.469,17,45,.378,21,36,.583,.574,32,37,.865,14,38,52,21,10,8,18,16
25,25,2024-12-10,@,OKC,L,104,118,,38,80,.475,15,36,.417,23,44,.523,.569,13,19,.684,7,37,44,25,10,2,19,12
26,26,2024-12-15,@,GSW,W,143,133,,52,87,.598,21,41,.512,31,46,.674,.718,18,25,.720,10,37,47,36,8,5,16,12
27,27,2024-12-19,,LAC,L,95,118,,34,86,.395,7,30,.233,27,56,.482,.436,20,28,.714,8,32,40,21,9,5,13,13
28,28,2024-12-21,,LAC,W,113,97,,40,88,.455,14,35,.400,26,53,.491,.534,19,22,.864,11,32,43,25,12,5,13,18
29,29,2024-12-23,,POR,W,132,108,,48,90,.533,12,36,.333,36,54,.667,.600,24,34,.706,13,28,41,27,10,4,11,21
30,30,2024-12-25,,MIN,L,99,105,,36,87,.414,16,43,.372,20,44,.455,.506,11,11,1.000,11,32,43,15,6,8,13,13
31,31,2024-12-27,@,PHO,W,98,89,,35,80,.438,12,34,.353,23,46,.500,.513,16,17,.941,7,34,41,24,6,5,15,15
32,32,2024-12-28,@,POR,L,122,126,,43,89,.483,15,38,.395,28,51,.549,.567,21,26,.808,10,30,40,20,6,10,13,21
33,33,2024-12-30,@,SAC,L,100,110,,32,76,.421,12,31,.387,20,45,.444,.500,24,29,.828,2,34,36,17,8,13,18,20
34,34,2025-01-01,@,HOU,L,99,110,,40,75,.533,11,28,.393,29,47,.617,.607,8,16,.500,6,32,38,19,9,12,20,20
35,35,2025-01-03,,CLE,L,122,134,,43,100,.430,12,44,.273,31,56,.554,.490,24,30,.800,21,32,53,29,3,4,12,17
36,36,2025-01-06,@,MEM,L,104,119,,40,98,.408,13,36,.361,27,62,.435,.474,11,15,.733,13,37,50,25,7,8,15,22
37,37,2025-01-07,,LAL,W,118,97,,45,86,.523,18,38,.474,27,48,.563,.628,10,14,.714,11,33,44,29,7,0,13,16
38,38,2025-01-09,,POR,W,117,111,,40,88,.455,10,30,.333,30,58,.517,.511,27,30,.900,16,37,53,26,8,7,14,18
39,39,2025-01-12,,DEN,L,101,112,,35,85,.412,12,34,.353,23,51,.451,.482,19,25,.760,8,29,37,27,7,5,12,20
40,40,2025-01-14,,DEN,L,99,118,,38,90,.422,9,32,.281,29,58,.500,.472,14,22,.636,8,22,30,27,14,6,12,17
41,41,2025-01-15,@,NOP,L,116,119,,43,90,.478,12,35,.343,31,55,.564,.544,18,25,.720,8,37,45,27,9,3,17,17
42,42,2025-01-17,,OKC,W,106,98,,37,75,.493,16,41,.390,21,34,.618,.600,16,22,.727,6,37,43,25,11,7,17,18
43,43,2025-01-20,@,CHO,L,105,110,,38,88,.432,6,32,.188,32,56,.571,.466,23,26,.885,16,35,51,19,10,8,14,15
44,44,2025-01-22,,MIN,L,114,115,,45,90,.500,8,29,.276,37,61,.607,.544,16,19,.842,7,31,38,24,5,4,15,21
45,45,2025-01-23,@,OKC,W,121,115,,39,74,.527,14,31,.452,25,43,.581,.622,29,36,.806,8,35,43,25,9,3,20,25
46,46,2025-01-25,,BOS,L,107,122,,39,88,.443,8,22,.364,31,66,.470,.489,21,28,.750,13,36,49,18,2,8,13,20
47,47,2025-01-27,,WAS,W,130,108,,49,92,.533,20,45,.444,29,47,.617,.641,12,17,.706,13,38,51,39,5,7,12,20
48,48,2025-01-29,@,NOP,W,137,136,,52,96,.542,20,43,.465,32,53,.604,.646,13,17,.765,16,35,51,30,6,6,19,17
49,49,2025-01-31,@,DET,L,102,117,,37,87,.425,11,33,.333,26,54,.481,.489,17,21,.810,16,30,46,20,4,13,18,14
50,50,2025-02-02,@,CLE,L,101,144,,40,103,.388,9,43,.209,31,60,.517,.432,12,15,.800,10,35,45,22,6,3,9,11
51,51,2025-02-04,@,PHI,L,116,118,,40,85,.471,11,33,.333,29,52,.558,.535,25,31,.806,15,29,44,24,8,4,12,19
52,52,2025-02-06,@,BOS,W,127,120,,49,88,.557,15,33,.455,34,55,.618,.642,14,18,.778,8,27,35,32,9,4,11,15
53,53,2025-02-08,,HOU,W,116,105,,39,83,.470,12,23,.522,27,60,.450,.542,26,34,.765,12,31,43,22,4,18,6,18
54,54,2025-02-10,,SAC,L,128,129,OT,49,95,.516,15,37,.405,34,58,.586,.595,15,24,.625,5,28,33,31,11,4,13,19
55,55,2025-02-12,,GSW,W,111,107,,42,87,.483,15,36,.417,27,51,.529,.569,12,15,.800,9,30,39,20,9,7,15,16
56,56,2025-02-13,,MIA,W,118,113,,46,90,.511,13,36,.361,33,54,.611,.583,13,16,.813,11,29,40,28,7,2,14,17
57,57,2025-02-21,,NOP,W,111,103,,37,86,.430,16,44,.364,21,42,.500,.523,21,27,.778,8,39,47,28,8,4,14,18
58,58,2025-02-23,@,GSW,L,102,126,,38,82,.463,13,32,.406,25,50,.500,.543,13,19,.684,7,34,41,24,7,4,18,22
59,59,2025-02-25,@,LAL,L,99,107,,35,98,.357,17,44,.386,18,54,.333,.444,12,13,.923,14,31,45,23,7,11,12,14
60,60,2025-02-27,,CHO,W,103,96,,40,97,.412,11,36,.306,29,61,.475,.469,12,16,.750,10,38,48,23,12,7,9,11
61,61,2025-03-01,,MIL,L,117,132,,43,91,.473,11,40,.275,32,51,.627,.533,20,25,.800,8,25,33,25,7,1,11,23
62,62,2025-03-03,,SAC,L,98,122,,35,77,.455,7,26,.269,28,51,.549,.500,21,24,.875,7,30,37,28,5,1,14,13
63,63,2025-03-05,@,MIL,L,107,137,,45,98,.459,13,39,.333,32,59,.542,.526,4,10,.400,5,25,30,30,13,3,10,13
64,64,2025-03-07,,MEM,L,111,122,,37,96,.385,15,41,.366,22,55,.400,.464,22,24,.917,11,34,45,24,7,7,12,13
65,65,2025-03-09,,PHO,L,116,125,,43,88,.489,17,42,.405,26,46,.565,.585,13,16,.813,5,27,32,29,8,2,7,13
66,66,2025-03-10,@,SAS,W,133,129,,47,88,.534,12,38,.316,35,50,.700,.602,27,30,.900,10,30,40,25,5,2,11,18
67,67,2025-03-12,@,SAS,L,116,126,,45,81,.556,13,32,.406,32,49,.653,.636,13,17,.765,3,28,31,30,8,0,18,12
68,68,2025-03-14,@,HOU,L,96,133,,39,94,.415,8,22,.364,31,72,.431,.457,10,12,.833,6,28,34,14,4,6,8,11
69,69,2025-03-16,,PHI,L,125,130,,46,87,.529,10,34,.294,36,53,.679,.586,23,30,.767,10,35,45,26,4,3,15,19
70,70,2025-03-19,@,IND,L,131,135,,48,88,.545,11,27,.407,37,61,.607,.608,24,32,.750,7,34,41,23,6,0,13,26
71,71,2025-03-21,,DET,W,123,117,,42,80,.525,12,34,.353,30,46,.652,.600,27,36,.750,10,34,44,25,10,7,20,16
72,72,2025-03-24,@,BRK,W,120,101,,49,87,.563,10,31,.323,39,56,.696,.621,12,16,.750,11,30,41,34,10,1,11,15
73,73,2025-03-25,@,NYK,L,113,128,,43,80,.538,6,19,.316,37,61,.607,.575,21,25,.840,5,28,33,19,9,3,16,16
74,74,2025-03-27,@,ORL,W,101,92,,37,78,.474,11,22,.500,26,56,.464,.545,16,22,.727,5,35,40,21,10,1,15,17
75,75,2025-03-29,@,CHI,W,120,119,,47,101,.465,9,30,.300,38,71,.535,.510,17,21,.810,8,33,41,28,9,8,6,18
76,76,2025-03-31,,BRK,L,109,113,,41,86,.477,10,30,.333,31,56,.554,.535,17,29,.586,12,37,49,29,4,3,10,19
77,77,2025-04-02,,ATL,W,120,118,,44,83,.530,15,33,.455,29,50,.580,.620,17,21,.810,4,38,42,27,7,8,15,16
78,78,2025-04-04,@,LAC,L,91,114,,35,77,.455,4,20,.200,31,57,.544,.481,17,26,.654,6,33,39,19,7,0,18,14
79,79,2025-04-05,@,LAC,L,104,135,,34,78,.436,7,27,.259,27,51,.529,.481,29,38,.763,10,31,41,18,5,8,16,18
80,80,2025-04-09,,LAL,L,97,112,,36,72,.500,9,26,.346,27,46,.587,.563,16,23,.696,9,29,38,30,6,6,20,14
81,81,2025-04-11,,TOR,W,124,102,,49,89,.551,15,34,.441,34,55,.618,.635,11,17,.647,12,44,56,34,8,10,20,12
82,82,2025-04-13,@,MEM,L,97,132,,38,87,.437,5,28,.179,33,59,.559,.466,16,22,.727,10,28,38,20,6,3,18,13
,,,,,39-43,9364,9462,,3443,7194,.479,1020,2801,.364,2423,4393,.552,.549,1458,1894,.770,828,2702,3530,2070,636,445,1151,1458


Provided by <a href="https://www.sports-reference.com/sharing.html?utm_source=direct&utm_medium=Share&utm_campaign=ShareTool&__hstc=180814520.e26d614bdbd8cfa12849079b47e91770.1763092167763.1763698976233.1764551499032.8&__hssc=180814520.8.1764551499032&__hsfp=2985364436">Basketball-Reference.com</a>: <a href="https://www.basketball-reference.com/teams/DAL/2025/gamelog/?sr&utm_source=direct&utm_medium=Share&utm_campaign=ShareTool#team_game_log_reg">View Original Table</a><br>Generated 11/30/2025.