Rk,Gtm,Date,,Opp,Rslt,Tm,Opp,OT,FG,FGA,FG%,3P,3PA,3P%,2P,2PA,2P%,eFG%,FT,FTA,FT%,ORB,DRB,TRB,AST,STL,BLK,TOV,PF
1,1,2024-10-23,,IND,L,109,115,,38,88,.432,9,33,.273,29,55,.527,.483,24,28,.857,12,26,38,22,6,2,14,21
2,2,2024-10-25,@,CLE,L,101,113,,38,81,.469,13,32,.406,25,49,.510,.549,12,17,.706,8,34,42,25,3,5,22,22
3,3,2024-10-26,,BOS,L,118,124,,43,88,.489,14,39,.359,29,49,.592,.568,18,22,.818,9,35,44,27,4,7,15,22
4,4,2024-10-28,@,MIA,L,98,106,,35,91,.385,14,38,.368,21,53,.396,.462,14,17,.824,19,35,54,14,6,6,17,19
5,5,2024-10-30,@,PHI,W,105,95,,36,78,.462,15,36,.417,21,42,.500,.558,18,22,.818,12,37,49,23,4,5,17,25
6,6,2024-11-01,,NYK,L,98,128,,41,81,.506,11,34,.324,30,47,.638,.574,5,7,.714,6,32,38,23,6,9,22,12
7,7,2024-11-03,@,BRK,W,106,92,,37,77,.481,11,36,.306,26,41,.634,.552,21,26,.808,9,38,47,25,4,6,21,25
8,8,2024-11-04,,LAL,W,115,103,,45,96,.469,8,34,.235,37,62,.597,.510,17,22,.773,17,38,55,22,6,5,12,25
9,9,2024-11-06,@,CHO,L,107,108,,46,94,.489,10,32,.313,36,62,.581,.543,5,9,.556,6,40,46,34,5,4,11,20
10,10,2024-11-08,,ATL,W,122,121,,44,86,.512,13,33,.394,31,53,.585,.587,21,31,.677,11,34,45,27,7,8,21,18
11,11,2024-11-10,,HOU,L,99,101,,36,84,.429,11,34,.324,25,50,.500,.494,16,23,.696,11,35,46,21,6,6,18,21
12,12,2024-11-12,,MIA,W,123,121,OT,43,92,.467,13,36,.361,30,56,.536,.538,24,28,.857,15,41,56,32,4,4,19,19
13,13,2024-11-13,@,MIL,L,120,127,OT,46,100,.460,18,38,.474,28,62,.452,.550,10,13,.769,11,34,45,29,6,7,15,21
14,14,2024-11-15,@,TOR,W,99,95,,39,95,.411,8,38,.211,31,57,.544,.453,13,20,.650,14,42,56,24,8,8,14,16
15,15,2024-11-17,@,WAS,W,124,104,,46,97,.474,17,38,.447,29,59,.492,.562,15,19,.789,13,38,51,27,11,4,9,19
16,16,2024-11-18,,CHI,L,112,122,,42,98,.429,15,44,.341,27,54,.500,.505,13,19,.684,16,32,48,27,3,3,9,19
17,17,2024-11-21,@,CHO,L,121,123,OT,42,99,.424,17,48,.354,25,51,.490,.510,20,25,.800,21,35,56,30,8,3,19,23
18,18,2024-11-23,@,ORL,L,100,111,,35,75,.467,13,33,.394,22,42,.524,.553,17,22,.773,10,24,34,16,7,8,17,21
19,19,2024-11-25,,TOR,W,102,100,,34,76,.447,12,37,.324,22,39,.564,.526,22,31,.710,6,32,38,27,4,7,14,19
20,20,2024-11-27,@,MEM,L,111,131,,40,85,.471,13,38,.342,27,47,.574,.547,18,25,.720,9,33,42,24,6,4,20,17
21,21,2024-11-29,@,IND,W,130,106,,48,83,.578,18,38,.474,30,45,.667,.687,16,20,.800,7,37,44,35,9,5,18,16
22,22,2024-11-30,,PHI,L,96,111,,35,91,.385,11,40,.275,24,51,.471,.445,15,18,.833,10,32,42,22,6,5,17,19
23,23,2024-12-03,,MIL,L,107,128,,40,87,.460,11,33,.333,29,54,.537,.523,16,22,.727,13,28,41,22,11,7,18,21
24,24,2024-12-04,@,BOS,L,120,130,,43,84,.512,20,39,.513,23,45,.511,.631,14,18,.778,8,26,34,27,10,5,19,21
25,25,2024-12-07,@,NYK,W,120,111,,43,83,.518,18,36,.500,25,47,.532,.627,16,19,.842,9,34,43,28,7,0,19,20
26,26,2024-12-12,@,BOS,L,99,123,,42,98,.429,7,37,.189,35,61,.574,.464,8,10,.800,9,34,43,27,8,4,8,12
27,27,2024-12-16,,MIA,W,125,124,OT,44,90,.489,20,40,.500,24,50,.480,.600,17,23,.739,7,45,52,32,8,4,22,24
28,28,2024-12-19,,UTA,L,119,126,,46,105,.438,13,47,.277,33,58,.569,.500,14,18,.778,13,26,39,26,10,8,10,25
29,29,2024-12-21,@,PHO,W,133,125,,49,89,.551,19,39,.487,30,50,.600,.657,16,22,.727,10,25,35,31,13,4,13,19
30,30,2024-12-23,@,LAL,W,117,114,,47,92,.511,11,30,.367,36,62,.581,.571,12,12,1.000,10,27,37,24,12,5,12,20
31,31,2024-12-26,@,SAC,W,114,113,,38,91,.418,17,44,.386,21,47,.447,.511,21,25,.840,10,34,44,25,6,4,10,22
32,32,2024-12-28,@,DEN,L,121,134,,46,95,.484,12,39,.308,34,56,.607,.547,17,23,.739,15,26,41,29,8,1,12,25
33,33,2025-01-01,,ORL,W,105,96,,41,79,.519,12,29,.414,29,50,.580,.595,11,17,.647,9,40,49,25,7,3,24,18
34,34,2025-01-03,,CHO,W,98,94,,39,93,.419,12,37,.324,27,56,.482,.484,8,13,.615,14,37,51,21,13,7,15,27
35,35,2025-01-04,,MIN,W,119,105,,45,93,.484,13,38,.342,32,55,.582,.554,16,20,.800,13,34,47,26,12,2,14,22
36,36,2025-01-06,,POR,W,118,115,,42,94,.447,15,43,.349,27,51,.529,.527,19,22,.864,17,28,45,23,9,4,15,15
37,37,2025-01-08,@,BRK,W,113,98,,45,86,.523,15,37,.405,30,49,.612,.610,8,12,.667,7,35,42,30,9,9,15,20
38,38,2025-01-09,,GSW,L,104,107,,39,86,.453,14,39,.359,25,47,.532,.535,12,16,.750,7,33,40,25,7,7,15,19
39,39,2025-01-11,,TOR,W,123,114,,44,84,.524,19,33,.576,25,51,.490,.637,16,21,.762,7,39,46,35,8,5,17,22
40,40,2025-01-13,@,NYK,W,124,119,,46,92,.500,15,34,.441,31,58,.534,.582,17,18,.944,11,28,39,20,8,2,13,21
41,41,2025-01-16,,IND,L,100,111,,36,91,.396,9,36,.250,27,55,.491,.445,19,22,.864,14,41,55,22,3,7,19,20
42,42,2025-01-18,,PHO,L,121,125,,44,94,.468,9,33,.273,35,61,.574,.516,24,36,.667,15,28,43,22,5,3,9,27
43,43,2025-01-20,@,HOU,W,107,96,,42,88,.477,10,27,.370,32,61,.525,.534,13,15,.867,13,39,52,21,12,5,23,11
44,44,2025-01-22,@,ATL,W,114,104,,42,84,.500,12,34,.353,30,50,.600,.571,18,19,.947,7,44,51,27,7,10,21,19
45,45,2025-01-25,@,ORL,L,113,121,,40,86,.465,10,25,.400,30,61,.492,.523,23,28,.821,11,30,41,22,11,5,16,25
46,46,2025-01-27,@,CLE,L,91,110,,37,96,.385,10,36,.278,27,60,.450,.438,7,11,.636,12,33,45,24,6,4,10,17
47,47,2025-01-29,@,IND,L,119,133,,44,89,.494,12,34,.353,32,55,.582,.562,19,26,.731,9,32,41,26,7,3,15,21
48,48,2025-01-31,,DAL,W,117,102,,47,106,.443,9,35,.257,38,71,.535,.486,14,16,.875,18,29,47,18,13,6,7,15
49,49,2025-02-02,,CHI,W,127,119,,54,99,.545,10,30,.333,44,69,.638,.596,9,13,.692,8,34,42,38,14,5,11,18
50,50,2025-02-03,,ATL,L,130,132,,43,83,.518,9,27,.333,34,56,.607,.572,35,38,.921,10,31,41,31,7,2,14,25
51,51,2025-02-05,,CLE,L,115,118,,39,98,.398,12,37,.324,27,61,.443,.459,25,28,.893,17,28,45,22,13,5,12,21
52,52,2025-02-07,,PHI,W,125,112,,44,97,.454,17,44,.386,27,53,.509,.541,20,26,.769,21,35,56,32,7,4,15,24
53,53,2025-02-09,,CHO,W,112,102,,44,90,.489,11,37,.297,33,53,.623,.550,13,16,.813,14,32,46,31,11,1,11,21
54,54,2025-02-11,@,CHI,W,132,92,,51,96,.531,18,41,.439,33,55,.600,.625,12,13,.923,8,47,55,30,10,8,15,19
55,55,2025-02-12,@,CHI,W,128,110,,45,88,.511,10,25,.400,35,63,.556,.568,28,35,.800,12,35,47,30,8,6,17,22
56,56,2025-02-21,@,SAS,W,125,110,,47,94,.500,12,35,.343,35,59,.593,.564,19,22,.864,20,33,53,31,8,5,16,17
57,57,2025-02-23,@,ATL,W,148,143,,55,93,.591,20,40,.500,35,53,.660,.699,18,25,.720,5,32,37,39,9,5,19,23
58,58,2025-02-24,,LAC,W,106,97,,36,79,.456,9,29,.310,27,50,.540,.513,25,36,.694,8,38,46,22,11,7,16,18
59,59,2025-02-26,,BOS,W,117,97,,47,89,.528,13,33,.394,34,56,.607,.601,10,17,.588,14,37,51,29,13,5,14,16
60,60,2025-02-28,,DEN,L,119,134,,45,99,.455,12,37,.324,33,62,.532,.515,17,23,.739,14,28,42,32,15,3,11,22
61,61,2025-03-01,,BRK,W,115,94,,39,72,.542,12,28,.429,27,44,.614,.625,25,29,.862,6,41,47,31,5,15,27,29
62,62,2025-03-03,@,UTA,W,134,106,,51,92,.554,11,41,.268,40,51,.784,.614,21,28,.750,8,31,39,32,16,8,13,23
63,63,2025-03-05,@,LAC,L,115,123,,45,86,.523,11,35,.314,34,51,.667,.587,14,19,.737,5,29,34,27,5,2,13,20
64,64,2025-03-08,@,GSW,L,110,115,,39,85,.459,5,23,.217,34,62,.548,.488,27,36,.750,13,31,44,17,12,4,20,29
65,65,2025-03-09,@,POR,W,119,112,,43,87,.494,9,28,.321,34,59,.576,.546,24,32,.750,12,42,54,22,7,8,14,24
66,66,2025-03-11,,WAS,W,123,103,,48,104,.462,16,38,.421,32,66,.485,.538,11,15,.733,18,43,61,29,7,5,12,18
67,67,2025-03-13,,WAS,L,125,129,,39,85,.459,10,30,.333,29,55,.527,.518,37,43,.860,9,32,41,23,8,6,12,23
68,68,2025-03-15,,OKC,L,107,113,,42,88,.477,14,33,.424,28,55,.509,.557,9,13,.692,6,33,39,29,8,3,17,21
69,69,2025-03-17,@,NOP,W,127,81,,46,84,.548,13,35,.371,33,49,.673,.625,22,29,.759,11,39,50,33,10,7,14,19
70,70,2025-03-19,@,MIA,W,116,113,,46,91,.505,9,23,.391,37,68,.544,.555,15,18,.833,13,34,47,25,4,10,13,20
71,71,2025-03-21,@,DAL,L,117,123,,46,98,.469,11,31,.355,35,67,.522,.526,14,19,.737,15,26,41,24,14,5,14,22
72,72,2025-03-23,,NOP,W,136,130,,47,86,.547,13,27,.481,34,59,.576,.622,29,40,.725,11,21,32,26,6,2,8,20
73,73,2025-03-25,,SAS,W,122,96,,44,78,.564,15,31,.484,29,47,.617,.660,19,25,.760,6,38,44,33,6,5,11,19
74,74,2025-03-28,,CLE,W,133,122,,44,92,.478,15,34,.441,29,58,.500,.560,30,35,.857,16,27,43,25,8,5,13,29
75,75,2025-03-30,@,MIN,L,104,123,,34,95,.358,12,38,.316,22,57,.386,.421,24,32,.750,16,28,44,22,3,3,7,24
76,76,2025-04-02,@,OKC,L,103,119,,36,89,.404,10,33,.303,26,56,.464,.461,21,25,.840,11,32,43,20,5,7,19,25
77,77,2025-04-04,@,TOR,W,117,105,,41,89,.461,12,34,.353,29,55,.527,.528,23,27,.852,12,35,47,27,11,7,14,14
78,78,2025-04-05,,MEM,L,103,109,,37,96,.385,11,42,.262,26,54,.481,.443,18,23,.783,8,36,44,24,9,6,7,19
79,79,2025-04-07,,SAC,L,117,127,,42,89,.472,13,39,.333,29,50,.580,.545,20,28,.714,13,24,37,30,8,4,9,23
80,80,2025-04-10,,NYK,W,115,106,,47,82,.573,8,22,.364,39,60,.650,.622,13,18,.722,9,26,35,20,5,6,15,23
81,81,2025-04-11,,MIL,L,119,125,,46,93,.495,18,39,.462,28,54,.519,.591,9,18,.500,8,34,42,30,1,9,11,19
82,82,2025-04-13,@,MIL,L,133,140,OT,51,107,.477,22,59,.373,29,48,.604,.579,9,14,.643,14,28,42,35,9,3,13,19
,,,,,44-38,9471,9315,,3503,7363,.476,1051,2901,.362,2452,4462,.550,.547,1414,1826,.774,931,2739,3670,2165,652,431,1219,1695


Provided by <a href="https://www.sports-reference.com/sharing.html?utm_source=direct&utm_medium=Share&utm_campaign=ShareTool">Basketball-Reference.com</a>: <a href="https://www.basketball-reference.com/teams/DET/2025/gamelog/?sr&utm_source=direct&utm_medium=Share&utm_campaign=ShareTool#team_game_log_reg">View Original Table</a><br>Generated 11/30/2025.