Rk,Gtm,Date,,Opp,Rslt,Tm,Opp,OT,FG,FGA,FG%,3P,3PA,3P%,2P,2PA,2P%,eFG%,FT,FTA,FT%,ORB,DRB,TRB,AST,STL,BLK,TOV,PF
1,1,2024-10-23,,CHO,L,105,110,,38,103,.369,13,43,.302,25,60,.417,.432,16,20,.800,16,27,43,19,8,4,8,18
2,2,2024-10-25,,MEM,W,128,108,,43,98,.439,17,43,.395,26,55,.473,.526,25,36,.694,23,41,64,20,10,4,19,32
3,3,2024-10-26,@,SAS,L,106,109,,38,92,.413,13,41,.317,25,51,.490,.484,17,21,.810,8,26,34,21,10,3,11,24
4,4,2024-10-28,@,SAS,W,106,101,,35,85,.412,15,37,.405,20,48,.417,.500,21,24,.875,13,30,43,20,6,2,12,23
5,5,2024-10-31,@,DAL,W,108,102,,40,97,.412,8,34,.235,32,63,.508,.454,20,27,.741,18,32,50,21,4,4,10,20
6,6,2024-11-02,,GSW,L,121,127,OT,44,107,.411,15,45,.333,29,62,.468,.481,18,24,.750,18,31,49,27,10,6,11,32
7,7,2024-11-04,,NYK,W,109,97,,43,88,.489,8,33,.242,35,55,.636,.534,15,18,.833,11,39,50,21,4,6,11,20
8,8,2024-11-06,,SAS,W,127,100,,54,96,.563,10,27,.370,44,69,.638,.615,9,15,.600,11,34,45,28,10,5,12,13
9,9,2024-11-08,@,OKC,L,107,126,,39,90,.433,11,30,.367,28,60,.467,.494,18,26,.692,14,34,48,19,7,3,17,18
10,10,2024-11-10,@,DET,W,101,99,,38,93,.409,7,34,.206,31,59,.525,.446,18,24,.750,17,36,53,19,10,5,12,21
11,11,2024-11-11,,WAS,W,107,92,,40,87,.460,5,23,.217,35,64,.547,.489,22,25,.880,17,41,58,13,12,10,21,17
12,12,2024-11-13,,LAC,W,111,103,,42,97,.433,15,40,.375,27,57,.474,.510,12,17,.706,18,41,59,28,8,11,14,17
13,13,2024-11-15,,LAC,W,125,104,,46,95,.484,19,44,.432,27,51,.529,.584,14,18,.778,9,39,48,31,11,3,12,25
14,14,2024-11-17,@,CHI,W,143,107,,55,105,.524,10,34,.294,45,71,.634,.571,23,32,.719,14,52,66,34,8,9,11,18
15,15,2024-11-18,@,MIL,L,100,101,,40,100,.400,9,32,.281,31,68,.456,.445,11,13,.846,16,37,53,19,9,6,13,15
16,16,2024-11-20,,IND,W,130,113,,47,102,.461,12,36,.333,35,66,.530,.520,24,33,.727,13,34,47,25,16,2,14,21
17,17,2024-11-22,,POR,W,116,88,,42,93,.452,15,39,.385,27,54,.500,.532,17,25,.680,13,38,51,27,14,5,17,20
18,18,2024-11-23,,POR,L,98,104,,32,90,.356,8,32,.250,24,58,.414,.400,26,33,.788,14,29,43,17,8,5,10,19
19,19,2024-11-26,@,MIN,W,117,111,OT,45,99,.455,15,37,.405,30,62,.484,.530,12,13,.923,7,37,44,31,12,9,12,20
20,20,2024-11-27,@,PHI,W,122,115,OT,40,88,.455,10,31,.323,30,57,.526,.511,32,38,.842,14,37,51,23,10,14,21,19
21,21,2024-12-01,,OKC,W,119,116,,38,92,.413,13,37,.351,25,55,.455,.484,30,39,.769,15,36,51,20,3,6,10,21
22,22,2024-12-03,@,SAC,L,111,120,,41,93,.441,14,39,.359,27,54,.500,.516,15,21,.714,18,35,53,14,6,1,16,23
23,23,2024-12-05,@,GSW,L,93,99,,35,93,.376,10,38,.263,25,55,.455,.430,13,17,.765,11,34,45,20,9,9,8,20
24,24,2024-12-08,@,LAC,W,117,106,,40,82,.488,15,41,.366,25,41,.610,.579,22,26,.846,12,38,50,23,4,4,15,16
25,25,2024-12-11,,GSW,W,91,90,,38,83,.458,6,27,.222,32,56,.571,.494,9,10,.900,7,29,36,23,10,5,17,14
26,26,2024-12-14,@,OKC,L,96,111,,35,96,.365,11,46,.239,24,50,.480,.422,15,25,.600,19,30,49,17,7,3,16,25
27,27,2024-12-19,,NOP,W,133,113,,50,87,.575,17,39,.436,33,48,.688,.672,16,19,.842,6,36,42,34,7,6,12,20
28,28,2024-12-22,@,TOR,W,114,110,,40,89,.449,7,28,.250,33,61,.541,.489,27,33,.818,18,35,53,18,12,6,21,14
29,29,2024-12-23,@,CHO,W,114,101,,43,99,.434,13,42,.310,30,57,.526,.500,15,19,.789,21,39,60,23,4,8,12,16
30,30,2024-12-26,@,NOP,W,128,111,,46,97,.474,18,47,.383,28,50,.560,.567,18,23,.783,18,36,54,19,7,9,16,14
31,31,2024-12-27,,MIN,L,112,113,,45,92,.489,10,30,.333,35,62,.565,.543,12,19,.632,16,31,47,19,7,3,14,16
32,32,2024-12-29,,MIA,L,100,104,,38,97,.392,13,40,.325,25,57,.439,.459,11,13,.846,19,33,52,24,5,4,13,21
33,33,2025-01-01,,DAL,W,110,99,,42,89,.472,8,25,.320,34,64,.531,.517,18,23,.783,4,31,35,16,17,1,14,18
34,34,2025-01-03,,BOS,L,86,109,,32,88,.364,10,36,.278,22,52,.423,.420,12,12,1.000,14,23,37,9,6,4,14,21
35,35,2025-01-05,,LAL,W,119,115,,47,99,.475,14,40,.350,33,59,.559,.545,11,19,.579,18,31,49,19,3,4,6,22
36,36,2025-01-07,@,WAS,W,135,112,,50,97,.515,15,38,.395,35,59,.593,.593,20,23,.870,19,30,49,31,15,2,10,17
37,37,2025-01-09,@,MEM,W,119,115,,41,96,.427,13,34,.382,28,62,.452,.495,24,41,.585,16,28,44,21,13,3,13,23
38,38,2025-01-13,,MEM,W,120,118,,41,81,.506,16,31,.516,25,50,.500,.605,22,31,.710,15,25,40,28,13,8,23,16
39,39,2025-01-15,@,DEN,W,128,108,,49,94,.521,17,38,.447,32,56,.571,.612,13,17,.765,14,26,40,28,14,6,11,19
40,40,2025-01-16,@,SAC,L,127,132,,49,93,.527,12,33,.364,37,60,.617,.591,17,24,.708,12,34,46,24,10,6,14,18
41,41,2025-01-18,@,POR,W,125,103,,48,108,.444,14,31,.452,34,77,.442,.509,15,22,.682,23,38,61,25,13,4,14,18
42,42,2025-01-20,,DET,L,96,107,,37,94,.394,11,39,.282,26,55,.473,.452,11,16,.688,15,24,39,19,18,1,17,17
43,43,2025-01-22,,CLE,W,109,108,,40,91,.440,15,34,.441,25,57,.439,.522,14,20,.700,20,33,53,25,8,5,22,20
44,44,2025-01-25,@,CLE,W,135,131,,45,82,.549,13,28,.464,32,54,.593,.628,32,45,.711,14,31,45,26,5,4,11,23
45,45,2025-01-27,@,BOS,W,114,112,,41,92,.446,17,41,.415,24,51,.471,.538,15,21,.714,12,27,39,29,7,1,8,22
46,46,2025-01-28,@,ATL,W,100,96,,37,79,.468,7,30,.233,30,49,.612,.513,19,20,.950,6,38,44,19,12,4,21,20
47,47,2025-01-30,@,MEM,L,119,120,,42,97,.433,13,32,.406,29,65,.446,.500,22,28,.786,19,26,45,22,6,5,12,20
48,48,2025-02-01,,BRK,L,98,110,,38,95,.400,12,39,.308,26,56,.464,.463,10,15,.667,14,30,44,18,6,6,11,20
49,49,2025-02-03,@,NYK,L,118,124,,48,104,.462,8,28,.286,40,76,.526,.500,14,15,.933,20,30,50,27,8,6,17,26
50,50,2025-02-04,@,BRK,L,97,99,,34,83,.410,11,32,.344,23,51,.451,.476,18,27,.667,16,29,45,23,6,6,18,18
51,51,2025-02-06,@,MIN,L,114,127,,41,84,.488,12,31,.387,29,53,.547,.560,20,28,.714,12,27,39,26,12,7,12,18
52,52,2025-02-08,@,DAL,L,105,116,,40,100,.400,8,28,.286,32,72,.444,.440,17,22,.773,19,29,48,21,2,5,9,22
53,53,2025-02-09,,TOR,W,94,87,,31,86,.360,10,38,.263,21,48,.438,.419,22,28,.786,10,48,58,17,8,3,15,19
54,54,2025-02-12,,PHO,W,119,111,,46,97,.474,13,42,.310,33,55,.600,.541,14,24,.583,17,30,47,32,10,4,11,15
55,55,2025-02-13,,GSW,L,98,105,,38,93,.409,12,36,.333,26,57,.456,.473,10,18,.556,15,37,52,24,7,5,20,20
56,56,2025-02-21,,MIN,W,121,115,,42,84,.500,13,26,.500,29,58,.500,.577,24,32,.750,9,39,48,18,5,6,20,25
57,57,2025-02-22,@,UTA,L,115,124,,44,100,.440,17,43,.395,27,57,.474,.525,10,18,.556,8,33,41,33,3,2,7,17
58,58,2025-02-25,,MIL,W,100,97,,37,91,.407,12,35,.343,25,56,.446,.473,14,18,.778,16,37,53,18,6,9,17,17
59,59,2025-02-26,,SAS,W,118,106,,48,102,.471,11,38,.289,37,64,.578,.525,11,14,.786,20,40,60,22,4,5,16,14
60,60,2025-03-01,,SAC,L,103,113,,37,86,.430,13,35,.371,24,51,.471,.506,16,23,.696,13,30,43,18,7,2,16,16
61,61,2025-03-03,@,OKC,L,128,137,,49,101,.485,16,35,.457,33,66,.500,.564,14,17,.824,15,34,49,20,8,7,16,21
62,62,2025-03-04,@,IND,L,102,115,,40,98,.408,9,30,.300,31,68,.456,.454,13,26,.500,24,34,58,22,6,0,14,14
63,63,2025-03-06,@,NOP,W,109,97,,46,81,.568,9,29,.310,37,52,.712,.623,8,18,.444,9,32,41,33,10,6,19,24
64,64,2025-03-08,,NOP,W,146,117,,55,99,.556,17,40,.425,38,59,.644,.641,19,21,.905,15,33,48,32,9,7,11,13
65,65,2025-03-10,,ORL,W,97,84,,35,89,.393,16,43,.372,19,46,.413,.483,11,18,.611,20,43,63,20,4,4,20,18
66,66,2025-03-12,,PHO,W,111,104,,40,88,.455,12,38,.316,28,50,.560,.523,19,25,.760,11,27,38,25,11,3,9,19
67,67,2025-03-14,,DAL,W,133,96,,54,105,.514,15,31,.484,39,74,.527,.586,10,12,.833,17,50,67,27,5,6,11,13
68,68,2025-03-15,,CHI,W,117,114,,44,98,.449,14,44,.318,30,54,.556,.520,15,26,.577,16,38,54,24,4,6,14,18
69,69,2025-03-17,,PHI,W,144,137,OT,51,107,.477,22,53,.415,29,54,.537,.579,20,24,.833,23,35,58,35,8,5,15,27
70,70,2025-03-19,@,ORL,W,116,108,,38,81,.469,11,35,.314,27,46,.587,.537,29,32,.906,12,34,46,18,10,5,16,18
71,71,2025-03-21,@,MIA,W,102,98,,39,84,.464,14,28,.500,25,56,.446,.548,10,21,.476,15,31,46,14,17,4,17,14
72,72,2025-03-23,,DEN,L,111,116,,39,89,.438,11,34,.324,28,55,.509,.500,22,34,.647,16,29,45,25,4,7,6,20
73,73,2025-03-25,,ATL,W,121,114,,42,93,.452,11,39,.282,31,54,.574,.511,26,29,.897,14,37,51,17,8,2,16,12
74,74,2025-03-27,@,UTA,W,121,110,,47,102,.461,12,37,.324,35,65,.538,.520,15,19,.789,18,33,51,26,7,5,9,14
75,75,2025-03-30,@,PHO,W,148,109,,56,98,.571,18,31,.581,38,67,.567,.663,18,25,.720,13,32,45,37,14,4,10,15
76,76,2025-03-31,@,LAL,L,98,104,,37,89,.416,10,32,.313,27,57,.474,.472,14,17,.824,10,41,51,26,7,5,15,20
77,77,2025-04-02,,UTA,W,143,105,,56,104,.538,19,45,.422,37,59,.627,.630,12,19,.632,18,45,63,30,4,6,10,18
78,78,2025-04-04,,OKC,W,125,111,,45,92,.489,13,29,.448,32,63,.508,.560,22,26,.846,14,34,48,24,10,5,15,16
79,79,2025-04-06,@,GSW,W,106,96,,45,93,.484,10,30,.333,35,63,.556,.538,6,16,.375,16,33,49,26,11,7,16,15
80,80,2025-04-09,@,LAC,L,117,134,,45,88,.511,20,40,.500,25,48,.521,.625,7,10,.700,7,29,36,24,7,4,14,14
81,81,2025-04-11,@,LAL,L,109,140,,41,90,.456,18,51,.353,23,39,.590,.556,9,12,.750,7,30,37,22,8,5,19,17
82,82,2025-04-13,,DEN,L,111,126,,45,100,.450,12,34,.353,33,66,.500,.510,9,14,.643,16,29,45,32,5,4,10,24
,,,,,52-30,9372,9002,,3484,7659,.455,1038,2938,.353,2446,4721,.518,.523,1366,1851,.738,1200,2774,3974,1914,689,411,1139,1557


Provided by <a href="https://www.sports-reference.com/sharing.html?utm_source=direct&utm_medium=Share&utm_campaign=ShareTool">Basketball-Reference.com</a>: <a href="https://www.basketball-reference.com/teams/HOU/2025/gamelog/?sr&utm_source=direct&utm_medium=Share&utm_campaign=ShareTool#team_game_log_reg">View Original Table</a><br>Generated 11/30/2025.