Rk,Gtm,Date,,Opp,Rslt,Tm,Opp,OT,FG,FGA,FG%,3P,3PA,3P%,2P,2PA,2P%,eFG%,FT,FTA,FT%,ORB,DRB,TRB,AST,STL,BLK,TOV,PF
1,1,2024-10-23,@,DET,W,115,109,,42,83,.506,9,31,.290,33,52,.635,.560,22,25,.880,7,32,39,32,10,8,15,23
2,2,2024-10-25,@,NYK,L,98,123,,41,83,.494,3,30,.100,38,53,.717,.512,13,20,.650,9,24,33,28,8,6,16,24
3,3,2024-10-27,,PHI,L,114,118,OT,39,84,.464,13,32,.406,26,52,.500,.542,23,34,.676,7,30,37,28,8,4,20,26
4,4,2024-10-28,@,ORL,L,115,119,,41,88,.466,13,29,.448,28,59,.475,.540,20,30,.667,15,29,44,25,7,4,13,28
5,5,2024-10-30,,BOS,W,135,132,OT,50,104,.481,15,38,.395,35,66,.530,.553,20,24,.833,16,41,57,33,10,5,19,26
6,6,2024-11-01,@,NOP,L,118,125,,46,89,.517,16,38,.421,30,51,.588,.607,10,13,.769,6,33,39,35,3,3,14,21
7,7,2024-11-04,@,DAL,W,134,127,,54,95,.568,13,32,.406,41,63,.651,.637,13,20,.650,7,39,46,30,5,3,10,16
8,8,2024-11-06,,ORL,W,118,111,,41,76,.539,12,26,.462,29,50,.580,.618,24,26,.923,4,32,36,21,7,3,11,24
9,9,2024-11-08,@,CHO,L,83,103,,33,83,.398,9,29,.310,24,54,.444,.452,8,14,.571,7,30,37,24,10,4,14,16
10,10,2024-11-10,,NYK,W,132,121,,45,88,.511,21,46,.457,24,42,.571,.631,21,25,.840,5,27,32,27,6,4,10,22
11,11,2024-11-13,@,ORL,L,90,94,,32,84,.381,10,30,.333,22,54,.407,.440,16,18,.889,7,34,41,22,10,6,17,19
12,12,2024-11-15,,MIA,L,111,124,,44,86,.512,14,35,.400,30,51,.588,.593,9,11,.818,8,31,39,28,8,4,20,15
13,13,2024-11-17,,MIA,W,119,110,,44,85,.518,13,29,.448,31,56,.554,.594,18,20,.900,10,35,45,30,6,6,11,16
14,14,2024-11-18,@,TOR,L,119,130,,44,99,.444,15,40,.375,29,59,.492,.520,16,20,.800,12,20,32,29,17,5,11,19
15,15,2024-11-20,@,HOU,L,113,130,,44,83,.530,5,22,.227,39,61,.639,.560,20,25,.800,3,33,36,19,7,9,23,24
16,16,2024-11-22,@,MIL,L,117,129,,43,91,.473,11,34,.324,32,57,.561,.533,20,27,.741,14,32,46,30,11,6,16,17
17,17,2024-11-24,,WAS,W,115,103,,41,86,.477,12,27,.444,29,59,.492,.547,21,27,.778,12,33,45,31,8,3,12,18
18,18,2024-11-25,,NOP,W,114,110,,43,91,.473,17,47,.362,26,44,.591,.566,11,16,.688,7,34,41,30,10,2,15,16
19,19,2024-11-27,,POR,W,121,114,,46,94,.489,13,32,.406,33,62,.532,.559,16,20,.800,19,28,47,27,10,10,12,21
20,20,2024-11-29,,DET,L,106,130,,41,85,.482,12,33,.364,29,52,.558,.553,12,13,.923,7,25,32,23,9,4,16,18
21,21,2024-12-01,@,MEM,L,121,136,,43,90,.478,14,42,.333,29,48,.604,.556,21,26,.808,6,35,41,28,8,3,15,22
22,22,2024-12-03,@,TOR,L,111,122,,38,84,.452,12,30,.400,26,54,.481,.524,23,28,.821,9,25,34,21,8,6,21,23
23,23,2024-12-04,@,BRK,L,90,99,,32,75,.427,8,33,.242,24,42,.571,.480,18,22,.818,5,34,39,20,6,10,16,19
24,24,2024-12-06,@,CHI,W,132,123,,52,92,.565,18,30,.600,34,62,.548,.663,10,12,.833,7,39,46,33,9,4,13,10
25,25,2024-12-08,,CHO,L,109,113,,42,82,.512,12,36,.333,30,46,.652,.585,13,15,.867,3,26,29,23,9,7,17,19
26,26,2024-12-13,@,PHI,W,121,107,,47,91,.516,14,38,.368,33,53,.623,.593,13,17,.765,8,33,41,35,9,4,10,21
27,27,2024-12-15,,NOP,W,119,104,,41,81,.506,16,38,.421,25,43,.581,.605,21,24,.875,7,36,43,33,10,9,17,21
28,28,2024-12-19,@,PHO,W,120,111,,39,89,.438,16,41,.390,23,48,.479,.528,26,31,.839,9,38,47,30,9,7,9,21
29,29,2024-12-22,@,SAC,W,122,95,,50,86,.581,17,39,.436,33,47,.702,.680,5,8,.625,6,44,50,36,7,5,12,15
30,30,2024-12-23,@,GSW,W,111,105,,45,92,.489,11,35,.314,34,57,.596,.549,10,11,.909,8,35,43,26,7,4,12,16
31,31,2024-12-26,,OKC,L,114,120,,42,89,.472,14,36,.389,28,53,.528,.551,16,22,.727,11,40,51,28,1,8,11,21
32,32,2024-12-27,@,BOS,L,105,142,,38,91,.418,11,39,.282,27,52,.519,.478,18,25,.720,13,26,39,27,5,3,12,20
33,33,2024-12-29,@,BOS,W,123,114,,46,87,.529,9,23,.391,37,64,.578,.580,22,27,.815,11,39,50,27,6,2,9,17
34,34,2024-12-31,,MIL,L,112,120,,40,90,.444,13,37,.351,27,53,.509,.517,19,30,.633,9,41,50,26,8,7,18,20
35,35,2025-01-02,@,MIA,W,128,115,,51,96,.531,17,40,.425,34,56,.607,.620,9,16,.563,13,26,39,35,9,4,8,16
36,36,2025-01-04,,PHO,W,126,108,,46,96,.479,15,40,.375,31,56,.554,.557,19,21,.905,13,34,47,35,7,4,8,16
37,37,2025-01-06,@,BRK,W,113,99,,40,79,.506,12,31,.387,28,48,.583,.582,21,23,.913,5,30,35,22,8,5,12,17
38,38,2025-01-08,,CHI,W,129,113,,52,100,.520,10,29,.345,42,71,.592,.570,15,24,.625,15,31,46,37,11,1,13,19
39,39,2025-01-10,,GSW,W,108,96,,43,82,.524,9,27,.333,34,55,.618,.579,13,19,.684,8,40,48,27,8,8,15,13
40,40,2025-01-12,@,CLE,W,108,93,,43,92,.467,11,35,.314,32,57,.561,.527,11,18,.611,9,41,50,30,11,7,12,22
41,41,2025-01-14,,CLE,L,117,127,,44,91,.484,12,28,.429,32,63,.508,.549,17,22,.773,9,28,37,30,10,3,14,18
42,42,2025-01-16,@,DET,W,111,100,,41,89,.461,13,30,.433,28,59,.475,.534,16,22,.727,3,37,40,28,13,8,10,17
43,43,2025-01-18,,PHI,W,115,102,,44,83,.530,11,34,.324,33,49,.673,.596,16,23,.696,14,36,50,30,4,4,18,21
44,44,2025-01-23,,SAS,L,110,140,,44,97,.454,13,43,.302,31,54,.574,.521,9,12,.750,9,22,31,31,10,2,11,9
45,45,2025-01-25,@,SAS,W,136,98,,53,102,.520,17,39,.436,36,63,.571,.603,13,14,.929,16,34,50,32,14,9,10,20
46,46,2025-01-29,,DET,W,133,119,,46,81,.568,19,38,.500,27,43,.628,.685,22,31,.710,5,31,36,28,7,5,13,18
47,47,2025-02-01,,ATL,W,132,127,,49,90,.544,12,33,.364,37,57,.649,.611,22,25,.880,7,34,41,35,6,5,12,26
48,48,2025-02-03,@,UTA,W,112,111,,43,91,.473,10,42,.238,33,49,.673,.527,16,20,.800,6,31,37,32,13,10,9,20
49,49,2025-02-04,@,POR,L,89,112,,34,81,.420,5,24,.208,29,57,.509,.451,16,21,.762,14,25,39,25,11,6,19,19
50,50,2025-02-06,@,LAC,W,119,112,,43,95,.453,13,39,.333,30,56,.536,.521,20,24,.833,12,34,46,31,13,3,8,14
51,51,2025-02-08,@,LAL,L,117,124,,37,87,.425,12,38,.316,25,49,.510,.494,31,32,.969,11,27,38,27,10,2,11,20
52,52,2025-02-11,,NYK,L,115,128,,43,89,.483,9,31,.290,34,58,.586,.534,20,26,.769,9,27,36,32,8,3,10,17
53,53,2025-02-12,@,WAS,W,134,130,OT,50,107,.467,16,35,.457,34,72,.472,.542,18,20,.900,10,32,42,38,7,5,9,17
54,54,2025-02-20,,MEM,W,127,113,,46,91,.505,17,45,.378,29,46,.630,.599,18,22,.818,9,37,46,29,6,12,11,20
55,55,2025-02-23,,LAC,W,129,111,,46,84,.548,12,36,.333,34,48,.708,.619,25,27,.926,8,38,46,31,7,5,14,24
56,56,2025-02-24,,DEN,L,116,125,,40,85,.471,14,43,.326,26,42,.619,.553,22,27,.815,8,24,32,29,11,3,18,14
57,57,2025-02-26,,TOR,W,111,91,,43,81,.531,15,37,.405,28,44,.636,.623,10,16,.625,4,37,41,28,10,7,20,18
58,58,2025-02-28,@,MIA,L,120,125,,47,88,.534,21,39,.538,26,49,.531,.653,5,8,.625,9,21,30,35,10,3,10,11
59,59,2025-03-02,,CHI,W,127,112,,48,87,.552,19,44,.432,29,43,.674,.661,12,18,.667,5,31,36,34,7,4,12,16
60,60,2025-03-04,,HOU,W,115,102,,44,86,.512,17,42,.405,27,44,.614,.610,10,10,1.000,5,30,35,34,9,6,13,19
61,61,2025-03-06,@,ATL,L,118,124,,44,91,.484,14,39,.359,30,52,.577,.560,16,17,.941,10,32,42,27,5,5,11,18
62,62,2025-03-08,@,ATL,L,118,120,,41,94,.436,10,33,.303,31,61,.508,.489,26,30,.867,15,26,41,29,12,6,16,21
63,63,2025-03-10,@,CHI,L,103,121,,40,101,.396,10,40,.250,30,61,.492,.446,13,19,.684,8,31,39,30,14,4,10,13
64,64,2025-03-11,,MIL,W,115,114,,44,87,.506,13,39,.333,31,48,.646,.580,14,18,.778,5,33,38,30,11,3,10,20
65,65,2025-03-14,@,PHI,W,112,100,,44,89,.494,10,35,.286,34,54,.630,.551,14,18,.778,12,33,45,31,6,4,11,17
66,66,2025-03-15,@,MIL,L,119,126,,46,96,.479,17,43,.395,29,53,.547,.568,10,13,.769,10,22,32,29,9,4,12,15
67,67,2025-03-17,@,MIN,W,132,130,OT,48,97,.495,17,37,.459,31,60,.517,.582,19,23,.826,14,34,48,28,7,6,20,25
68,68,2025-03-19,,DAL,W,135,131,,45,82,.549,16,35,.457,29,47,.617,.646,29,37,.784,6,32,38,29,4,5,11,26
69,69,2025-03-20,,BRK,W,105,99,OT,35,81,.432,8,31,.258,27,50,.540,.481,27,31,.871,10,47,57,18,10,8,25,21
70,70,2025-03-22,,BRK,W,108,103,,40,84,.476,11,35,.314,29,49,.592,.542,17,21,.810,6,38,44,32,5,6,15,24
71,71,2025-03-24,,MIN,W,119,103,,46,94,.489,13,35,.371,33,59,.559,.559,14,14,1.000,9,37,46,30,9,5,12,12
72,72,2025-03-26,,LAL,L,119,120,,44,87,.506,15,36,.417,29,51,.569,.592,16,19,.842,7,29,36,31,9,4,10,16
73,73,2025-03-27,@,WAS,W,162,109,,59,92,.641,27,47,.574,32,45,.711,.788,17,19,.895,13,37,50,48,8,2,15,19
74,74,2025-03-29,@,OKC,L,111,132,,39,87,.448,14,42,.333,25,45,.556,.529,19,26,.731,8,35,43,27,6,6,13,16
75,75,2025-03-31,,SAC,W,111,109,,42,90,.467,14,41,.341,28,49,.571,.544,13,13,1.000,6,34,40,28,6,5,13,14
76,76,2025-04-02,,CHO,W,119,105,,47,95,.495,18,44,.409,29,51,.569,.589,7,10,.700,11,27,38,29,10,6,6,16
77,77,2025-04-04,,UTA,W,140,112,,51,89,.573,12,32,.375,39,57,.684,.640,26,38,.684,11,40,51,38,8,17,7,17
78,78,2025-04-06,@,DEN,W,125,120,,46,96,.479,15,44,.341,31,52,.596,.557,18,21,.857,7,34,41,34,10,7,6,17
79,79,2025-04-08,,WAS,W,104,98,,33,87,.379,9,35,.257,24,52,.462,.431,29,37,.784,13,36,49,21,7,5,9,16
80,80,2025-04-10,,CLE,W,114,112,,43,93,.462,14,41,.341,29,52,.558,.538,14,20,.700,10,36,46,28,3,11,10,16
81,81,2025-04-11,,ORL,L,115,129,,40,89,.449,12,29,.414,28,60,.467,.517,23,35,.657,17,27,44,24,8,7,20,19
82,82,2025-04-13,@,CLE,W,126,118,2OT,48,119,.403,10,42,.238,38,77,.494,.445,20,22,.909,14,47,61,27,15,10,13,20
,,,,,50-32,9624,9441,,3574,7326,.488,1081,2934,.368,2493,4392,.568,.562,1395,1768,.789,752,2678,3430,2398,694,448,1082,1533


Provided by <a href="https://www.sports-reference.com/sharing.html?utm_source=direct&utm_medium=Share&utm_campaign=ShareTool">Basketball-Reference.com</a>: <a href="https://www.basketball-reference.com/teams/IND/2025/gamelog/?sr&utm_source=direct&utm_medium=Share&utm_campaign=ShareTool#team_game_log_reg">View Original Table</a><br>Generated 11/30/2025.