Rk,Gtm,Date,,Opp,Rslt,Tm,Opp,OT,FG,FGA,FG%,3P,3PA,3P%,2P,2PA,2P%,eFG%,FT,FTA,FT%,ORB,DRB,TRB,AST,STL,BLK,TOV,PF
1,1,2024-10-23,@,UTA,W,126,124,,43,91,.473,17,45,.378,26,46,.565,.566,23,32,.719,13,28,41,28,7,5,13,35
2,2,2024-10-25,@,HOU,L,108,128,,38,91,.418,10,28,.357,28,63,.444,.473,22,36,.611,14,29,43,24,8,8,19,25
3,3,2024-10-26,,ORL,W,124,111,,46,86,.535,13,34,.382,33,52,.635,.610,19,24,.792,6,36,42,38,10,5,18,24
4,4,2024-10-28,,CHI,L,123,126,,51,111,.459,14,43,.326,37,68,.544,.523,7,13,.538,18,42,60,37,5,9,10,21
5,5,2024-10-30,,BRK,L,106,119,,38,81,.469,8,27,.296,30,54,.556,.519,22,29,.759,12,26,38,27,9,3,22,21
6,6,2024-10-31,,MIL,W,122,99,,43,82,.524,8,28,.286,35,54,.648,.573,28,31,.903,7,49,56,26,6,3,17,21
7,7,2024-11-02,@,PHI,W,124,107,,48,87,.552,12,27,.444,36,60,.600,.621,16,21,.762,11,41,52,35,9,6,17,22
8,8,2024-11-04,@,BRK,L,104,106,,43,91,.473,8,30,.267,35,61,.574,.516,10,13,.769,13,31,44,29,5,8,15,16
9,9,2024-11-06,,LAL,W,131,114,,48,93,.516,17,34,.500,31,59,.525,.608,18,23,.783,12,38,50,28,5,6,18,17
10,10,2024-11-08,,WAS,W,128,104,,46,97,.474,14,43,.326,32,54,.593,.546,22,25,.880,13,37,50,30,10,10,19,19
11,11,2024-11-10,@,POR,W,134,89,,47,85,.553,16,43,.372,31,42,.738,.647,24,28,.857,10,41,51,32,15,13,23,17
12,12,2024-11-13,@,LAL,L,123,128,,42,89,.472,12,33,.364,30,56,.536,.539,27,33,.818,12,29,41,28,11,6,14,25
13,13,2024-11-15,@,GSW,L,118,123,,42,103,.408,7,42,.167,35,61,.574,.442,27,33,.818,18,36,54,22,8,11,15,21
14,14,2024-11-17,,DEN,W,105,90,,41,91,.451,13,39,.333,28,52,.538,.522,10,12,.833,10,35,45,31,10,10,13,15
15,15,2024-11-19,,DEN,L,110,122,,41,103,.398,9,38,.237,32,65,.492,.442,19,31,.613,19,36,55,24,9,10,22,24
16,16,2024-11-20,,PHI,W,117,111,,41,85,.482,19,43,.442,22,42,.524,.594,16,16,1.000,9,32,41,29,5,6,20,17
17,17,2024-11-23,@,CHI,W,142,131,,55,96,.573,19,42,.452,36,54,.667,.672,13,20,.650,13,36,49,38,5,4,14,18
18,18,2024-11-25,,POR,W,123,98,,43,87,.494,12,28,.429,31,59,.525,.563,25,34,.735,16,44,60,35,7,13,19,20
19,19,2024-11-27,,DET,W,131,111,,51,93,.548,17,46,.370,34,47,.723,.640,12,16,.750,10,32,42,31,13,4,17,21
20,20,2024-11-29,,NOP,W,120,109,,47,96,.490,12,41,.293,35,55,.636,.552,14,17,.824,14,37,51,36,9,5,16,22
21,21,2024-12-01,,IND,W,136,121,,49,93,.527,16,46,.348,33,47,.702,.613,22,27,.815,8,32,40,36,9,6,10,22
22,22,2024-12-03,@,DAL,L,116,121,,45,97,.464,13,40,.325,32,57,.561,.531,13,14,.929,13,26,39,27,15,3,19,29
23,23,2024-12-05,,SAC,W,115,110,,38,80,.475,13,38,.342,25,42,.595,.556,26,32,.813,9,40,49,27,9,5,22,21
24,24,2024-12-07,@,BOS,W,127,121,,47,94,.500,15,33,.455,32,61,.525,.580,18,23,.783,11,41,52,25,13,7,13,25
25,25,2024-12-08,@,WAS,W,140,112,,50,96,.521,17,43,.395,33,53,.623,.609,23,29,.793,12,34,46,34,12,8,18,20
26,26,2024-12-13,,BRK,W,135,119,,52,99,.525,17,36,.472,35,63,.556,.611,14,21,.667,12,37,49,33,9,4,13,19
27,27,2024-12-15,@,LAL,L,110,116,,38,97,.392,9,28,.321,29,69,.420,.438,25,30,.833,17,33,50,25,10,3,21,31
28,28,2024-12-19,,GSW,W,144,93,,53,98,.541,27,48,.563,26,50,.520,.679,11,15,.733,15,45,60,38,11,8,17,19
29,29,2024-12-21,@,ATL,W,128,112,,50,97,.515,18,41,.439,32,56,.571,.608,10,13,.769,8,32,40,35,13,1,18,22
30,30,2024-12-23,,LAC,L,110,114,,38,99,.384,16,42,.381,22,57,.386,.465,18,26,.692,19,37,56,26,8,6,20,18
31,31,2024-12-26,,TOR,W,155,126,,58,109,.532,18,45,.400,40,64,.625,.615,21,29,.724,24,39,63,36,8,8,18,18
32,32,2024-12-27,@,NOP,W,132,124,,42,89,.472,17,41,.415,25,48,.521,.567,31,35,.886,9,33,42,30,12,7,17,19
33,33,2024-12-29,@,OKC,L,106,130,,37,97,.381,14,51,.275,23,46,.500,.454,18,21,.857,16,35,51,30,6,4,21,15
34,34,2024-12-31,@,PHO,W,117,112,,40,94,.426,15,44,.341,25,50,.500,.505,22,33,.667,16,35,51,27,10,6,17,29
35,35,2025-01-03,@,SAC,L,133,138,,43,89,.483,17,37,.459,26,52,.500,.579,30,36,.833,14,37,51,31,5,4,17,20
36,36,2025-01-04,@,GSW,L,113,121,,46,88,.523,9,27,.333,37,61,.607,.574,12,16,.750,12,31,43,29,9,7,23,18
37,37,2025-01-06,,DAL,W,119,104,,40,88,.455,12,35,.343,28,53,.528,.523,27,35,.771,13,42,55,24,11,5,15,17
38,38,2025-01-09,,HOU,L,115,119,,42,84,.500,10,32,.313,32,52,.615,.560,21,30,.700,10,33,43,20,9,8,20,28
39,39,2025-01-11,@,MIN,W,127,125,,48,108,.444,16,41,.390,32,67,.478,.519,15,19,.789,21,25,46,25,13,3,13,20
40,40,2025-01-13,@,HOU,L,118,120,,45,84,.536,14,32,.438,31,52,.596,.619,14,21,.667,8,23,31,15,17,2,18,25
41,41,2025-01-15,@,SAS,W,129,115,,51,103,.495,16,38,.421,35,65,.538,.573,11,17,.647,14,38,52,28,7,5,8,19
42,42,2025-01-17,@,SAS,W,140,112,,55,97,.567,19,44,.432,36,53,.679,.665,11,15,.733,10,31,41,39,9,0,9,19
43,43,2025-01-20,,MIN,W,108,106,,37,86,.430,7,33,.212,30,53,.566,.471,27,34,.794,13,34,47,19,9,4,13,22
44,44,2025-01-22,,CHO,W,132,120,,49,98,.500,21,47,.447,28,51,.549,.607,13,14,.929,13,27,40,36,9,6,16,30
45,45,2025-01-24,,NOP,W,139,126,,56,101,.554,19,42,.452,37,59,.627,.649,8,8,1.000,16,27,43,38,8,4,13,19
46,46,2025-01-25,,UTA,W,125,103,,43,84,.512,14,38,.368,29,46,.630,.595,25,34,.735,13,32,45,28,10,9,17,19
47,47,2025-01-27,@,NYK,L,106,143,,41,91,.451,9,24,.375,32,67,.478,.500,15,17,.882,18,29,47,21,5,9,26,16
48,48,2025-01-30,,HOU,W,120,119,,48,93,.516,9,28,.321,39,65,.600,.565,15,20,.750,9,28,37,23,7,6,11,25
49,49,2025-02-02,@,MIL,W,132,119,,52,107,.486,14,39,.359,38,68,.559,.551,14,22,.636,22,39,61,37,9,5,12,15
50,50,2025-02-03,,SAS,W,128,109,,48,99,.485,14,36,.389,34,63,.540,.556,18,20,.900,10,37,47,33,17,5,15,18
51,51,2025-02-05,@,TOR,W,138,107,,47,89,.528,16,38,.421,31,51,.608,.618,28,38,.737,24,37,61,22,7,5,18,19
52,52,2025-02-08,,OKC,L,112,125,,36,81,.444,12,28,.429,24,53,.453,.519,28,39,.718,10,30,40,21,7,9,13,21
53,53,2025-02-11,@,PHO,W,119,112,,43,100,.430,12,39,.308,31,61,.508,.490,21,27,.778,20,40,60,22,8,3,13,22
54,54,2025-02-12,@,LAC,L,114,128,,44,89,.494,18,36,.500,26,53,.491,.596,8,15,.533,9,31,40,24,5,4,22,21
55,55,2025-02-20,@,IND,L,113,127,,41,99,.414,12,39,.308,29,60,.483,.475,19,22,.864,12,34,46,28,6,7,13,19
56,56,2025-02-21,@,ORL,W,105,104,,38,92,.413,7,33,.212,31,59,.525,.451,22,29,.759,15,38,53,22,7,7,15,26
57,57,2025-02-23,@,CLE,L,123,129,,42,92,.457,15,39,.385,27,53,.509,.538,24,31,.774,12,25,37,28,8,5,14,26
58,58,2025-02-25,,PHO,W,151,148,OT,52,99,.525,20,48,.417,32,51,.627,.626,27,30,.900,7,31,38,36,10,4,12,22
59,59,2025-02-28,,NYK,L,113,114,,44,94,.468,4,31,.129,40,63,.635,.489,21,22,.955,19,39,58,26,2,4,19,17
60,60,2025-03-01,,SAS,L,128,130,,50,95,.526,11,38,.289,39,57,.684,.584,17,20,.850,12,29,41,31,7,8,13,16
61,61,2025-03-03,,ATL,L,130,132,,47,93,.505,13,33,.394,34,60,.567,.575,23,25,.920,17,26,43,36,7,3,20,16
62,62,2025-03-05,,OKC,L,103,120,,37,91,.407,9,34,.265,28,57,.491,.456,20,22,.909,11,38,49,21,9,1,16,18
63,63,2025-03-07,@,DAL,W,122,111,,50,106,.472,8,21,.381,42,85,.494,.509,14,16,.875,17,42,59,28,9,12,11,20
64,64,2025-03-09,@,NOP,W,107,104,,41,99,.414,13,49,.265,28,50,.560,.480,12,19,.632,23,34,57,24,11,6,14,22
65,65,2025-03-10,,PHO,W,120,118,,40,86,.465,17,46,.370,23,40,.575,.564,23,27,.852,11,28,39,26,9,7,15,22
66,66,2025-03-12,,UTA,W,122,115,,43,94,.457,20,44,.455,23,50,.460,.564,16,21,.762,5,34,39,30,15,6,9,21
67,67,2025-03-14,,CLE,L,124,133,,48,97,.495,11,36,.306,37,61,.607,.552,17,21,.810,10,35,45,25,11,3,14,25
68,68,2025-03-15,,MIA,W,125,91,,51,92,.554,12,31,.387,39,61,.639,.620,11,12,.917,11,40,51,31,7,6,11,16
69,69,2025-03-17,@,SAC,L,122,132,,44,90,.489,13,30,.433,31,60,.517,.561,21,21,1.000,15,33,48,24,8,7,18,22
70,70,2025-03-19,@,POR,L,99,115,,37,92,.402,8,30,.267,29,62,.468,.446,17,21,.810,10,30,40,23,11,4,10,20
71,71,2025-03-21,@,LAC,L,108,128,,40,95,.421,19,49,.388,21,46,.457,.521,9,13,.692,10,30,40,28,8,3,10,20
72,72,2025-03-25,@,UTA,W,140,103,,52,98,.531,20,45,.444,32,53,.604,.633,16,18,.889,17,35,52,38,7,4,9,21
73,73,2025-03-27,@,OKC,L,104,125,,33,79,.418,16,42,.381,17,37,.459,.519,22,23,.957,5,31,36,28,9,4,19,20
74,74,2025-03-29,,LAL,L,127,134,,50,95,.526,14,32,.438,36,63,.571,.600,13,18,.722,9,32,41,33,7,4,12,27
75,75,2025-03-31,,BOS,L,103,117,,41,92,.446,11,44,.250,30,48,.625,.505,10,16,.625,5,40,45,21,9,3,11,16
76,76,2025-04-01,,GSW,L,125,134,,44,92,.478,18,44,.409,26,48,.542,.576,19,22,.864,8,35,43,22,7,6,16,23
77,77,2025-04-03,@,MIA,W,110,108,,40,85,.471,16,38,.421,24,47,.511,.565,14,17,.824,12,37,49,24,8,4,18,18
78,78,2025-04-05,@,DET,W,109,103,,39,94,.415,9,32,.281,30,62,.484,.463,22,29,.759,17,47,64,19,4,3,15,18
79,79,2025-04-08,@,CHO,W,124,100,,42,93,.452,18,55,.327,24,38,.632,.548,22,26,.846,14,38,52,23,12,3,14,18
80,80,2025-04-10,,MIN,L,125,141,,46,89,.517,18,36,.500,28,53,.528,.618,15,21,.714,8,25,33,26,5,2,15,22
81,81,2025-04-11,@,DEN,L,109,117,,41,91,.451,14,43,.326,27,48,.563,.527,13,19,.684,7,34,41,26,8,5,13,24
82,82,2025-04-13,,DAL,W,132,97,,52,104,.500,15,40,.375,37,64,.578,.572,13,15,.867,19,34,53,31,13,7,12,15
,,,,,48-34,9980,9582,,3670,7654,.479,1141,3106,.367,2529,4548,.556,.554,1499,1908,.786,1056,2819,3875,2330,726,462,1285,1711


Provided by <a href="https://www.sports-reference.com/sharing.html?utm_source=direct&utm_medium=Share&utm_campaign=ShareTool">Basketball-Reference.com</a>: <a href="https://www.basketball-reference.com/teams/MEM/2025/gamelog/?sr&utm_source=direct&utm_medium=Share&utm_campaign=ShareTool#team_game_log_reg">View Original Table</a><br>Generated 11/30/2025.