Rk,Gtm,Date,,Opp,Rslt,Tm,Opp,OT,FG,FGA,FG%,3P,3PA,3P%,2P,2PA,2P%,eFG%,FT,FTA,FT%,ORB,DRB,TRB,AST,STL,BLK,TOV,PF
1,1,2024-10-23,,ORL,L,97,116,,32,82,.390,11,34,.324,21,48,.438,.457,22,29,.759,9,32,41,24,5,8,11,19
2,2,2024-10-26,@,CHO,W,114,106,,40,86,.465,14,34,.412,26,52,.500,.547,20,28,.714,13,30,43,33,8,6,14,19
3,3,2024-10-28,,DET,W,106,98,,38,88,.432,15,47,.319,23,41,.561,.517,15,20,.750,10,34,44,24,14,3,12,14
4,4,2024-10-30,,NYK,L,107,116,,37,81,.457,17,40,.425,20,41,.488,.562,16,24,.667,7,32,39,27,6,3,10,17
5,5,2024-11-02,@,WAS,W,118,98,,43,102,.422,15,37,.405,28,65,.431,.495,17,24,.708,21,44,65,19,6,3,14,18
6,6,2024-11-04,,SAC,L,110,111,,37,85,.435,15,36,.417,22,49,.449,.524,21,30,.700,8,28,36,24,9,6,11,15
7,7,2024-11-06,@,PHO,L,112,115,,40,92,.435,13,34,.382,27,58,.466,.505,19,20,.950,13,30,43,27,12,3,10,16
8,8,2024-11-08,@,DEN,L,122,135,,46,94,.489,20,43,.465,26,51,.510,.596,10,13,.769,9,24,33,33,11,1,14,19
9,9,2024-11-10,@,MIN,W,95,94,,34,77,.442,11,31,.355,23,46,.500,.513,16,22,.727,6,37,43,18,14,9,23,20
10,10,2024-11-12,@,DET,L,121,123,OT,47,101,.465,17,45,.378,30,56,.536,.550,10,13,.769,12,31,43,25,14,3,12,22
11,11,2024-11-15,@,IND,W,124,111,,45,87,.517,15,42,.357,30,45,.667,.603,19,23,.826,4,32,36,27,16,1,10,12
12,12,2024-11-17,@,IND,L,110,119,,36,90,.400,19,43,.442,17,47,.362,.506,19,20,.950,15,23,38,21,4,1,11,13
13,13,2024-11-18,,PHI,W,106,89,,36,87,.414,13,44,.295,23,43,.535,.489,21,23,.913,9,44,53,26,10,2,15,13
14,14,2024-11-24,,DAL,W,123,118,OT,46,107,.430,14,41,.341,32,66,.485,.495,17,27,.630,12,45,57,27,6,6,9,22
15,15,2024-11-26,,MIL,L,103,106,,35,77,.455,10,29,.345,25,48,.521,.519,23,30,.767,9,29,38,26,6,2,8,14
16,16,2024-11-27,@,CHO,W,98,94,,33,73,.452,14,37,.378,19,36,.528,.548,18,22,.818,4,40,44,21,6,5,22,9
17,17,2024-11-29,,TOR,W,121,111,,43,94,.457,21,54,.389,22,40,.550,.569,14,17,.824,9,24,33,32,10,0,10,19
18,18,2024-12-01,@,TOR,L,116,119,,39,88,.443,15,40,.375,24,48,.500,.528,23,28,.821,12,33,45,25,11,4,14,17
19,19,2024-12-02,@,BOS,L,89,108,,31,87,.356,8,35,.229,23,52,.442,.402,19,23,.826,11,33,44,24,6,1,10,11
20,20,2024-12-04,,LAL,W,134,93,,52,90,.578,24,47,.511,28,43,.651,.711,6,9,.667,13,39,52,42,11,5,16,16
21,21,2024-12-07,,PHO,W,121,111,,45,86,.523,13,32,.406,32,54,.593,.599,18,23,.783,11,30,41,30,9,4,12,20
22,22,2024-12-08,,CLE,W,122,113,,41,86,.477,16,37,.432,25,49,.510,.570,24,26,.923,10,37,47,27,4,4,12,15
23,23,2024-12-12,,TOR,W,114,104,,40,83,.482,13,32,.406,27,51,.529,.560,21,32,.656,11,41,52,21,4,3,17,11
24,24,2024-12-16,@,DET,L,124,125,OT,45,99,.455,12,43,.279,33,56,.589,.515,22,24,.917,9,35,44,30,16,2,13,19
25,25,2024-12-20,,OKC,L,97,104,,36,83,.434,12,40,.300,24,43,.558,.506,13,20,.650,7,34,41,20,9,3,19,16
26,26,2024-12-21,@,ORL,L,114,121,,36,75,.480,9,32,.281,27,43,.628,.540,33,42,.786,7,31,38,16,7,2,15,25
27,27,2024-12-23,,BRK,W,110,95,,36,73,.493,17,41,.415,19,32,.594,.610,21,24,.875,5,39,44,27,6,3,16,17
28,28,2024-12-26,@,ORL,W,89,88,,31,76,.408,15,30,.500,16,46,.348,.507,12,14,.857,7,28,35,21,14,6,21,20
29,29,2024-12-28,@,ATL,L,110,120,,40,90,.444,13,41,.317,27,49,.551,.517,17,18,.944,8,34,42,23,9,4,9,19
30,30,2024-12-29,@,HOU,W,104,100,,37,84,.440,10,33,.303,27,51,.529,.500,20,28,.714,15,37,52,21,6,3,15,14
31,31,2025-01-01,,NOP,W,119,108,,44,83,.530,14,34,.412,30,49,.612,.614,17,21,.810,5,33,38,34,6,1,13,16
32,32,2025-01-02,,IND,L,115,128,,43,75,.573,11,26,.423,32,49,.653,.647,18,21,.857,5,34,39,34,6,6,16,13
33,33,2025-01-04,,UTA,L,100,136,,35,80,.438,9,35,.257,26,45,.578,.494,21,30,.700,5,27,32,25,9,7,15,14
34,34,2025-01-06,@,SAC,L,118,123,2OT,43,102,.422,11,42,.262,32,60,.533,.475,21,27,.778,12,41,53,25,14,6,14,19
35,35,2025-01-07,@,GSW,W,114,98,,43,91,.473,16,40,.400,27,51,.529,.560,12,17,.706,9,39,48,32,6,3,10,9
36,36,2025-01-09,@,UTA,W,97,92,,36,91,.396,14,50,.280,22,41,.537,.473,11,15,.733,13,36,49,26,10,7,14,12
37,37,2025-01-11,@,POR,W,119,98,,44,92,.478,19,44,.432,25,48,.521,.582,12,16,.750,8,35,43,31,13,5,11,16
38,38,2025-01-13,@,LAC,L,98,109,,33,85,.388,17,52,.327,16,33,.485,.488,15,18,.833,9,40,49,22,7,3,16,9
39,39,2025-01-15,@,LAL,L,108,117,,39,73,.534,16,36,.444,23,37,.622,.644,14,15,.933,3,34,37,25,3,6,20,13
40,40,2025-01-17,,DEN,L,113,133,,45,91,.495,9,33,.273,36,58,.621,.544,14,14,1.000,6,35,41,30,2,0,8,15
41,41,2025-01-19,,SAS,W,128,107,,50,95,.526,18,33,.545,32,62,.516,.621,10,10,1.000,12,37,49,35,8,6,11,12
42,42,2025-01-21,,POR,L,107,116,,41,93,.441,14,42,.333,27,51,.529,.516,11,12,.917,12,33,45,26,2,3,10,14
43,43,2025-01-23,@,MIL,L,96,125,,34,92,.370,12,51,.235,22,41,.537,.435,16,21,.762,13,37,50,26,3,3,11,18
44,44,2025-01-25,@,BRK,W,106,97,,35,79,.443,13,28,.464,22,51,.431,.525,23,24,.958,12,39,51,22,9,6,22,23
45,45,2025-01-27,,ORL,W,125,119,2OT,48,92,.522,15,41,.366,33,51,.647,.603,14,21,.667,5,38,43,34,9,2,18,21
46,46,2025-01-29,,CLE,L,106,126,,39,83,.470,15,43,.349,24,40,.600,.560,13,15,.867,6,29,35,27,4,4,14,5
47,47,2025-02-01,@,SAS,W,105,103,,41,89,.461,13,42,.310,28,47,.596,.534,10,17,.588,12,40,52,30,7,5,14,15
48,48,2025-02-04,@,CHI,L,124,133,,43,90,.478,17,44,.386,26,46,.565,.572,21,26,.808,11,33,44,29,4,3,14,17
49,49,2025-02-05,@,PHI,W,108,101,,39,83,.470,14,34,.412,25,49,.510,.554,16,20,.800,13,41,54,25,3,4,22,13
50,50,2025-02-07,@,BRK,L,86,102,,32,90,.356,12,40,.300,20,50,.400,.422,10,12,.833,11,28,39,23,9,5,14,19
51,51,2025-02-10,,BOS,L,85,103,,31,92,.337,11,45,.244,20,47,.426,.397,12,13,.923,12,39,51,21,2,2,4,10
52,52,2025-02-12,@,OKC,L,101,115,,36,79,.456,11,34,.324,25,45,.556,.525,18,25,.720,10,35,45,24,7,5,16,17
53,53,2025-02-13,@,DAL,L,113,118,,43,91,.473,10,36,.278,33,55,.600,.527,17,26,.654,16,26,42,23,9,4,13,14
54,54,2025-02-21,@,TOR,W,120,111,OT,46,90,.511,13,36,.361,33,54,.611,.583,15,18,.833,8,36,44,20,8,3,14,22
55,55,2025-02-23,@,MIL,L,113,120,,41,88,.466,9,31,.290,32,57,.561,.517,22,26,.846,10,36,46,25,3,3,11,22
56,56,2025-02-24,@,ATL,L,86,98,,27,84,.321,7,40,.175,20,44,.455,.363,25,27,.926,14,31,45,15,8,4,18,9
57,57,2025-02-26,,ATL,W,131,109,,45,76,.592,23,42,.548,22,34,.647,.743,18,22,.818,8,27,35,39,10,2,17,13
58,58,2025-02-28,,IND,W,125,120,,48,84,.571,17,32,.531,31,52,.596,.673,12,13,.923,12,27,39,34,7,4,15,11
59,59,2025-03-02,,NYK,L,112,116,OT,45,84,.536,11,35,.314,34,49,.694,.601,11,16,.688,3,31,34,29,5,6,13,16
60,60,2025-03-03,,WAS,W,106,90,,39,82,.476,13,37,.351,26,45,.578,.555,15,18,.833,5,43,48,31,10,4,12,19
61,61,2025-03-05,@,CLE,L,107,112,,36,83,.434,13,36,.361,23,47,.489,.512,22,25,.880,9,33,42,29,7,2,14,19
62,62,2025-03-07,,MIN,L,104,106,,41,89,.461,14,34,.412,27,55,.491,.539,8,11,.727,7,34,41,29,7,2,9,16
63,63,2025-03-08,,CHI,L,109,114,,41,97,.423,13,43,.302,28,54,.519,.490,14,19,.737,7,37,44,25,7,5,9,17
64,64,2025-03-10,,CHO,L,102,105,,39,85,.459,10,31,.323,29,54,.537,.518,14,20,.700,11,35,46,24,7,3,16,15
65,65,2025-03-12,,LAC,L,104,119,,40,84,.476,14,37,.378,26,47,.553,.560,10,14,.714,9,20,29,27,14,3,11,17
66,66,2025-03-14,,BOS,L,91,103,,34,75,.453,13,34,.382,21,41,.512,.540,10,17,.588,7,31,38,18,10,4,18,12
67,67,2025-03-15,@,MEM,L,91,125,,35,88,.398,9,37,.243,26,51,.510,.449,12,15,.800,10,27,37,24,6,4,14,16
68,68,2025-03-17,@,NYK,L,95,116,,39,82,.476,6,23,.261,33,59,.559,.512,11,12,.917,9,30,39,23,9,6,21,11
69,69,2025-03-19,,DET,L,113,116,,44,90,.489,10,32,.313,34,58,.586,.544,15,18,.833,11,26,37,24,7,5,13,15
70,70,2025-03-21,,HOU,L,98,102,,38,73,.521,10,24,.417,28,49,.571,.589,12,14,.857,5,29,34,25,8,5,21,16
71,71,2025-03-23,,CHO,W,122,105,,47,82,.573,12,29,.414,35,53,.660,.646,16,20,.800,7,25,32,27,10,4,12,13
72,72,2025-03-25,,GSW,W,112,86,,43,77,.558,17,25,.680,26,52,.500,.669,9,12,.750,8,34,42,26,8,5,18,15
73,73,2025-03-27,,ATL,W,122,112,,44,82,.537,18,33,.545,26,49,.531,.646,16,20,.800,7,30,37,26,10,1,14,10
74,74,2025-03-29,@,PHI,W,118,95,,44,93,.473,20,43,.465,24,50,.480,.581,10,13,.769,16,31,47,33,12,4,11,13
75,75,2025-03-31,@,WAS,W,120,94,,47,93,.505,9,32,.281,38,61,.623,.554,17,24,.708,15,47,62,29,12,2,19,16
76,76,2025-04-02,@,BOS,W,124,103,,43,83,.518,14,30,.467,29,53,.547,.602,24,27,.889,11,23,34,28,9,2,5,13
77,77,2025-04-03,,MEM,L,108,110,,39,95,.411,14,33,.424,25,62,.403,.484,16,19,.842,15,32,47,24,11,8,11,21
78,78,2025-04-05,,MIL,L,115,121,OT,43,102,.422,15,46,.326,28,56,.500,.495,14,16,.875,12,40,52,24,4,1,10,21
79,79,2025-04-07,,PHI,W,117,105,,45,89,.506,16,36,.444,29,53,.547,.596,11,15,.733,10,37,47,26,7,6,13,17
80,80,2025-04-09,@,CHI,L,111,119,,44,92,.478,12,33,.364,32,59,.542,.543,11,17,.647,11,28,39,28,11,3,13,10
81,81,2025-04-11,@,NOP,W,153,104,,58,104,.558,20,45,.444,38,59,.644,.654,17,22,.773,16,44,60,36,12,5,9,13
82,82,2025-04-13,,WAS,L,118,119,,49,98,.500,10,32,.313,39,66,.591,.551,10,12,.833,9,37,46,28,8,6,8,12
,,,,,37-45,9069,9023,,3318,7138,.465,1124,3060,.367,2194,4078,.538,.544,1309,1654,.791,798,2760,3558,2166,668,314,1114,1275


Provided by <a href="https://www.sports-reference.com/sharing.html?utm_source=direct&utm_medium=Share&utm_campaign=ShareTool&__hstc=180814520.e26d614bdbd8cfa12849079b47e91770.1763092167763.1763698976233.1764551499032.8&__hssc=180814520.28.1764551499032&__hsfp=2985364436">Basketball-Reference.com</a>: <a href="https://www.basketball-reference.com/teams/MIA/2025/gamelog/?sr&utm_source=direct&utm_medium=Share&utm_campaign=ShareTool#team_game_log_reg">View Original Table</a><br>Generated 11/30/2025.