Rk,Gtm,Date,,Opp,Rslt,Tm,Opp,OT,FG,FGA,FG%,3P,3PA,3P%,2P,2PA,2P%,eFG%,FT,FTA,FT%,ORB,DRB,TRB,AST,STL,BLK,TOV,PF
1,1,2024-10-23,@,PHI,W,124,109,,43,80,.538,16,37,.432,27,43,.628,.638,22,31,.710,8,38,46,27,4,9,14,23
2,2,2024-10-25,,CHI,L,122,133,,46,93,.495,13,40,.325,33,53,.623,.565,17,25,.680,8,39,47,24,5,3,15,14
3,3,2024-10-27,@,BRK,L,102,115,,33,74,.446,10,33,.303,23,41,.561,.514,26,31,.839,7,36,43,20,7,3,18,17
4,4,2024-10-28,@,BOS,L,108,119,,37,82,.451,8,31,.258,29,51,.569,.500,26,31,.839,8,35,43,18,7,6,17,24
5,5,2024-10-31,@,MEM,L,99,122,,41,96,.427,9,42,.214,32,54,.593,.474,8,19,.421,9,29,38,20,10,4,10,27
6,6,2024-11-02,,CLE,L,113,114,,43,89,.483,18,39,.462,25,50,.500,.584,9,15,.600,10,35,45,24,3,3,13,23
7,7,2024-11-04,@,CLE,L,114,116,,42,86,.488,17,35,.486,25,51,.490,.587,13,15,.867,7,42,49,21,6,6,15,15
8,8,2024-11-07,,UTA,W,123,100,,43,84,.512,15,35,.429,28,49,.571,.601,22,30,.733,11,30,41,20,13,3,11,21
9,9,2024-11-08,@,NYK,L,94,116,,36,83,.434,7,30,.233,29,53,.547,.476,15,23,.652,11,30,41,20,1,5,12,16
10,10,2024-11-10,,BOS,L,107,113,,39,81,.481,13,32,.406,26,49,.531,.562,16,21,.762,5,36,41,21,9,8,13,18
11,11,2024-11-12,,TOR,W,99,85,,38,94,.404,16,56,.286,22,38,.579,.489,7,12,.583,12,35,47,25,16,9,17,18
12,12,2024-11-13,,DET,W,127,120,OT,45,95,.474,15,35,.429,30,60,.500,.553,22,25,.880,9,38,47,26,10,9,12,12
13,13,2024-11-16,@,CHO,L,114,115,,47,92,.511,15,36,.417,32,56,.571,.592,5,11,.455,8,32,40,31,6,6,9,18
14,14,2024-11-18,,HOU,W,101,100,,38,83,.458,13,33,.394,25,50,.500,.536,12,19,.632,4,39,43,21,8,8,16,18
15,15,2024-11-20,,CHI,W,122,106,,44,80,.550,13,36,.361,31,44,.705,.631,21,31,.677,10,35,45,30,7,2,12,13
16,16,2024-11-22,,IND,W,129,117,,48,90,.533,17,36,.472,31,54,.574,.628,16,20,.800,10,34,44,33,10,4,18,19
17,17,2024-11-23,,CHO,W,125,119,,43,89,.483,18,37,.486,25,52,.481,.584,21,26,.808,10,41,51,20,3,9,14,22
18,18,2024-11-26,@,MIA,W,106,103,,36,77,.468,20,42,.476,16,35,.457,.597,14,17,.824,9,32,41,23,5,7,13,19
19,19,2024-11-30,,WAS,W,124,114,,44,86,.512,16,35,.457,28,51,.549,.605,20,25,.800,7,31,38,31,5,6,12,18
20,20,2024-12-03,@,DET,W,128,107,,45,80,.563,23,41,.561,22,39,.564,.706,15,21,.714,4,32,36,26,10,6,18,17
21,21,2024-12-04,,ATL,L,104,119,,33,78,.423,15,45,.333,18,33,.545,.519,23,35,.657,8,32,40,23,7,4,18,22
22,22,2024-12-06,@,BOS,L,105,111,,40,94,.426,11,29,.379,29,65,.446,.484,14,17,.824,12,39,51,16,4,2,9,16
23,23,2024-12-08,@,BRK,W,118,113,,39,68,.574,15,31,.484,24,37,.649,.684,25,32,.781,3,28,31,26,6,7,16,18
24,24,2024-12-10,,ORL,W,114,109,,42,77,.545,11,30,.367,31,47,.660,.617,19,25,.760,5,32,37,27,9,6,16,17
25,25,2024-12-14,,ATL,W,110,102,,39,86,.453,14,45,.311,25,41,.610,.535,18,27,.667,6,41,47,28,8,8,13,27
26,26,2024-12-20,@,CLE,L,101,124,,40,85,.471,10,27,.370,30,58,.517,.529,11,18,.611,10,35,45,23,14,4,20,17
27,27,2024-12-21,,WAS,W,112,101,,44,98,.449,20,48,.417,24,50,.480,.551,4,5,.800,10,34,44,35,12,2,13,14
28,28,2024-12-23,@,CHI,W,112,91,,40,87,.460,18,43,.419,22,44,.500,.563,14,17,.824,7,42,49,24,7,1,13,16
29,29,2024-12-26,,BRK,L,105,111,,41,83,.494,15,38,.395,26,45,.578,.584,8,12,.667,8,31,39,23,12,3,23,18
30,30,2024-12-28,@,CHI,L,111,116,,41,102,.402,15,45,.333,26,57,.456,.475,14,14,1.000,6,37,43,27,6,7,8,16
31,31,2024-12-31,@,IND,W,120,112,,45,97,.464,12,33,.364,33,64,.516,.526,18,24,.750,13,38,51,27,10,0,12,22
32,32,2025-01-02,,BRK,L,110,113,,40,90,.444,11,37,.297,29,53,.547,.506,19,28,.679,13,33,46,21,6,6,14,21
33,33,2025-01-04,,POR,L,102,105,,41,95,.432,13,41,.317,28,54,.519,.500,7,9,.778,7,36,43,25,14,3,11,13
34,34,2025-01-06,@,TOR,W,128,104,,47,82,.573,22,44,.500,25,38,.658,.707,12,15,.800,7,39,46,37,7,8,21,19
35,35,2025-01-08,,SAS,W,121,105,,44,92,.478,19,42,.452,25,50,.500,.582,14,20,.700,10,47,57,26,7,4,11,16
36,36,2025-01-10,@,ORL,W,109,106,,43,83,.518,9,25,.360,34,58,.586,.572,14,23,.609,7,36,43,18,10,5,13,18
37,37,2025-01-12,@,NYK,L,106,140,,43,94,.457,10,34,.294,33,60,.550,.511,10,17,.588,15,24,39,22,6,3,14,20
38,38,2025-01-14,,SAC,W,130,115,,49,99,.495,17,45,.378,32,54,.593,.581,15,18,.833,11,41,52,32,2,4,9,21
39,39,2025-01-15,,ORL,W,122,93,,45,72,.625,7,12,.583,38,60,.633,.674,25,35,.714,3,46,49,24,10,10,21,20
40,40,2025-01-17,,TOR,W,130,112,,42,81,.519,13,31,.419,29,50,.580,.599,33,41,.805,11,33,44,25,7,5,14,23
41,41,2025-01-19,,PHI,W,123,109,,43,87,.494,14,37,.378,29,50,.580,.575,23,30,.767,7,41,48,31,2,3,7,16
42,42,2025-01-23,,MIA,W,125,96,,46,98,.469,18,40,.450,28,58,.483,.561,15,20,.750,11,44,55,32,5,6,7,14
43,43,2025-01-25,@,LAC,L,117,127,,37,79,.468,13,35,.371,24,44,.545,.551,30,34,.882,5,37,42,24,2,5,13,21
44,44,2025-01-27,@,UTA,W,125,110,,52,86,.605,12,34,.353,40,52,.769,.674,9,17,.529,5,41,46,33,6,5,12,18
45,45,2025-01-28,@,POR,L,112,125,,44,87,.506,11,35,.314,33,52,.635,.569,13,18,.722,9,27,36,26,8,2,11,22
46,46,2025-01-31,@,SAS,L,118,144,,43,100,.430,12,37,.324,31,63,.492,.490,20,26,.769,17,30,47,24,3,8,10,19
47,47,2025-02-02,,MEM,L,119,132,,44,91,.484,20,45,.444,24,46,.522,.593,11,19,.579,8,28,36,32,7,5,13,21
48,48,2025-02-03,@,OKC,L,96,125,,35,93,.376,13,39,.333,22,54,.407,.446,13,21,.619,9,28,37,24,12,3,15,12
49,49,2025-02-05,@,CHO,W,112,102,,41,81,.506,18,42,.429,23,39,.590,.617,12,13,.923,6,38,44,26,6,4,11,16
50,50,2025-02-07,@,ATL,L,110,115,,41,96,.427,19,50,.380,22,46,.478,.526,9,10,.900,7,36,43,28,5,3,10,17
51,51,2025-02-09,,PHI,W,135,127,,46,105,.438,24,55,.436,22,50,.440,.552,19,20,.950,19,34,53,29,7,3,12,18
52,52,2025-02-10,,GSW,L,111,125,,38,76,.500,10,33,.303,28,43,.651,.566,25,34,.735,5,32,37,18,5,4,20,25
53,53,2025-02-12,@,MIN,W,103,101,,39,88,.443,12,30,.400,27,58,.466,.511,13,16,.813,6,42,48,24,7,1,13,15
54,54,2025-02-20,,LAC,W,116,110,,38,80,.475,17,43,.395,21,37,.568,.581,23,27,.852,8,33,41,22,5,5,18,18
55,55,2025-02-21,@,WAS,W,104,101,,39,82,.476,9,32,.281,30,50,.600,.530,17,26,.654,8,36,44,24,11,6,17,24
56,56,2025-02-23,,MIA,W,120,113,,44,86,.512,14,39,.359,30,47,.638,.593,18,22,.818,8,32,40,25,4,3,9,23
57,57,2025-02-25,@,HOU,L,97,100,,34,85,.400,12,37,.324,22,48,.458,.471,17,23,.739,4,33,37,19,11,5,15,13
58,58,2025-02-27,,DEN,W,121,112,,42,90,.467,14,34,.412,28,56,.500,.544,23,28,.821,7,41,48,25,8,4,11,11
59,59,2025-03-01,@,DAL,W,132,117,,44,87,.506,13,39,.333,31,48,.646,.580,31,35,.886,14,38,52,33,6,6,13,19
60,60,2025-03-04,@,ATL,W,127,121,,49,96,.510,11,37,.297,38,59,.644,.568,18,23,.783,9,42,51,27,8,1,15,13
61,61,2025-03-05,,DAL,W,137,107,,52,89,.584,16,35,.457,36,54,.667,.674,17,19,.895,8,47,55,29,6,4,17,9
62,62,2025-03-08,,ORL,L,109,111,,41,75,.547,11,23,.478,30,52,.577,.620,16,23,.696,4,34,38,17,8,4,13,18
63,63,2025-03-09,,CLE,L,100,112,,39,91,.429,9,31,.290,30,60,.500,.478,13,18,.722,15,35,50,17,9,2,18,15
64,64,2025-03-11,@,IND,L,114,115,,43,84,.512,14,36,.389,29,48,.604,.595,14,19,.737,6,38,44,32,4,2,15,19
65,65,2025-03-13,,LAL,W,126,106,,41,86,.477,17,40,.425,24,46,.522,.576,27,33,.818,7,41,48,30,9,8,12,21
66,66,2025-03-15,,IND,W,126,119,,43,79,.544,15,37,.405,28,42,.667,.639,25,26,.962,7,38,45,28,9,4,17,16
67,67,2025-03-16,,OKC,L,105,121,,33,83,.398,13,34,.382,20,49,.408,.476,26,33,.788,9,25,34,21,7,8,9,23
68,68,2025-03-18,@,GSW,L,93,104,,31,79,.392,12,38,.316,19,41,.463,.468,19,27,.704,4,30,34,19,9,4,10,15
69,69,2025-03-20,@,LAL,W,118,89,,40,84,.476,11,35,.314,29,49,.592,.542,27,34,.794,10,31,41,24,12,4,9,14
70,70,2025-03-22,@,SAC,W,114,108,,44,84,.524,13,31,.419,31,53,.585,.601,13,20,.650,11,31,42,22,6,3,10,17
71,71,2025-03-24,@,PHO,L,106,108,,37,83,.446,12,39,.308,25,44,.568,.518,20,29,.690,9,27,36,24,12,0,7,16
72,72,2025-03-26,@,DEN,L,117,127,,46,89,.517,16,37,.432,30,52,.577,.607,9,13,.692,8,31,39,30,4,6,11,14
73,73,2025-03-28,,NYK,L,107,116,,41,75,.547,13,33,.394,28,42,.667,.633,12,19,.632,3,29,32,24,2,3,16,14
74,74,2025-03-30,,ATL,L,124,145,,39,82,.476,12,35,.343,27,47,.574,.549,34,43,.791,6,30,36,21,5,2,14,24
75,75,2025-04-01,,PHO,W,133,123,,51,74,.689,17,29,.586,34,45,.756,.804,14,15,.933,3,26,29,32,6,5,20,22
76,76,2025-04-03,@,PHI,W,126,113,,46,82,.561,16,31,.516,30,51,.588,.659,18,27,.667,8,32,40,32,7,7,11,14
77,77,2025-04-05,@,MIA,W,121,115,OT,45,87,.517,8,24,.333,37,63,.587,.563,23,29,.793,3,44,47,29,6,3,9,17
78,78,2025-04-06,@,NOP,W,111,107,,43,92,.467,11,32,.344,32,60,.533,.527,14,22,.636,10,41,51,29,10,4,7,14
79,79,2025-04-08,,MIN,W,110,103,,40,84,.476,12,36,.333,28,48,.583,.548,18,25,.720,11,32,43,27,8,2,12,15
80,80,2025-04-10,,NOP,W,136,111,,49,90,.544,18,45,.400,31,45,.689,.644,20,30,.667,7,36,43,27,13,4,12,17
81,81,2025-04-11,@,DET,W,125,119,,43,94,.457,17,39,.436,26,55,.473,.548,22,27,.815,8,36,44,30,7,8,7,17
82,82,2025-04-13,,DET,W,140,133,OT,50,86,.581,23,44,.523,27,42,.643,.715,17,22,.773,6,32,38,30,5,7,21,17
,,,,,48-34,9472,9269,,3445,7082,.486,1161,3003,.387,2284,4079,.560,.568,1421,1895,.750,674,2882,3556,2090,601,384,1097,1469


Provided by <a href="https://www.sports-reference.com/sharing.html?utm_source=direct&utm_medium=Share&utm_campaign=ShareTool&__hstc=180814520.e26d614bdbd8cfa12849079b47e91770.1763092167763.1763698976233.1764551499032.8&__hssc=180814520.30.1764551499032&__hsfp=2985364436">Basketball-Reference.com</a>: <a href="https://www.basketball-reference.com/teams/MIL/2025/gamelog/?sr&utm_source=direct&utm_medium=Share&utm_campaign=ShareTool#team_game_log_reg">View Original Table</a><br>Generated 11/30/2025.