Rk,Gtm,Date,,Opp,Rslt,Tm,Opp,OT,FG,FGA,FG%,3P,3PA,3P%,2P,2PA,2P%,eFG%,FT,FTA,FT%,ORB,DRB,TRB,AST,STL,BLK,TOV,PF
1,1,2024-10-22,@,LAL,L,103,110,,35,85,.412,13,41,.317,22,44,.500,.488,20,27,.741,12,35,47,17,4,1,16,22
2,2,2024-10-24,@,SAC,W,117,115,,41,86,.477,20,50,.400,21,36,.583,.593,15,17,.882,6,36,42,24,3,2,17,24
3,3,2024-10-26,,TOR,W,112,101,,39,83,.470,14,37,.378,25,46,.543,.554,20,26,.769,9,32,41,29,9,8,13,16
4,4,2024-10-29,,DAL,L,114,120,,39,77,.506,19,39,.487,20,38,.526,.630,17,26,.654,11,31,42,33,5,2,20,20
5,5,2024-11-01,,DEN,W,119,116,,43,83,.518,18,42,.429,25,41,.610,.627,15,18,.833,8,30,38,34,8,9,17,22
6,6,2024-11-02,@,SAS,L,103,113,,39,82,.476,11,37,.297,28,45,.622,.543,14,20,.700,6,26,32,21,7,2,13,16
7,7,2024-11-04,,CHO,W,114,93,,39,79,.494,18,38,.474,21,41,.512,.608,18,26,.692,9,36,45,23,7,8,15,19
8,8,2024-11-07,@,CHI,W,135,119,,51,93,.548,16,38,.421,35,55,.636,.634,17,17,1.000,10,30,40,29,7,4,14,17
9,9,2024-11-08,,POR,W,127,102,,47,97,.485,22,50,.440,25,47,.532,.598,11,14,.786,10,39,49,32,9,7,20,21
10,10,2024-11-10,,MIA,L,94,95,,35,88,.398,13,45,.289,22,43,.512,.472,11,13,.846,16,31,47,22,13,5,20,20
11,11,2024-11-12,@,POR,L,108,122,,37,73,.507,13,35,.371,24,38,.632,.596,21,23,.913,4,28,32,22,13,4,23,22
12,12,2024-11-13,@,POR,L,98,106,,37,94,.394,7,39,.179,30,55,.545,.431,17,22,.773,13,28,41,16,12,3,14,19
13,13,2024-11-15,@,SAC,W,130,126,OT,48,101,.475,20,49,.408,28,52,.538,.574,14,16,.875,10,31,41,26,9,4,11,19
14,14,2024-11-17,,PHO,W,120,117,,42,80,.525,17,39,.436,25,41,.610,.631,19,26,.731,9,23,32,27,8,6,14,13
15,15,2024-11-21,@,TOR,L,105,110,,33,80,.413,12,35,.343,21,45,.467,.488,27,33,.818,10,30,40,16,12,5,17,24
16,16,2024-11-24,@,BOS,L,105,107,,37,88,.420,15,41,.366,22,47,.468,.506,16,21,.762,11,38,49,19,2,1,8,18
17,17,2024-11-26,,HOU,L,111,117,OT,42,98,.429,9,38,.237,33,60,.550,.474,18,20,.900,14,38,52,21,6,4,17,18
18,18,2024-11-27,,SAC,L,104,115,,33,74,.446,14,39,.359,19,35,.543,.541,24,27,.889,4,29,33,25,11,9,15,19
19,19,2024-11-29,,LAC,W,93,92,,31,75,.413,15,39,.385,16,36,.444,.513,16,20,.800,11,38,49,25,8,5,22,14
20,20,2024-12-02,,LAL,W,109,80,,41,81,.506,15,35,.429,26,46,.565,.599,12,15,.800,7,36,43,31,11,2,15,17
21,21,2024-12-04,@,LAC,W,108,80,,41,85,.482,16,44,.364,25,41,.610,.576,10,18,.556,7,43,50,31,15,5,15,16
22,22,2024-12-06,@,GSW,W,107,90,,40,88,.455,14,42,.333,26,46,.565,.534,13,14,.929,9,39,48,32,12,6,21,14
23,23,2024-12-08,@,GSW,L,106,114,,36,79,.456,19,42,.452,17,37,.459,.576,15,20,.750,7,32,39,22,6,8,16,18
24,24,2024-12-13,,LAL,W,97,87,,35,87,.402,9,32,.281,26,55,.473,.454,18,24,.750,11,37,48,18,12,5,14,14
25,25,2024-12-15,@,SAS,W,106,92,,40,100,.400,12,35,.343,28,65,.431,.460,14,16,.875,14,37,51,26,11,4,12,13
26,26,2024-12-19,,NYK,L,107,133,,41,89,.461,17,42,.405,24,47,.511,.556,8,13,.615,6,31,37,29,10,5,13,15
27,27,2024-12-21,,GSW,L,103,113,,36,86,.419,14,38,.368,22,48,.458,.500,17,25,.680,11,34,45,27,5,2,15,18
28,28,2024-12-23,@,ATL,L,104,117,,39,91,.429,14,43,.326,25,48,.521,.505,12,13,.923,16,27,43,31,12,3,21,17
29,29,2024-12-25,@,DAL,W,105,99,,40,86,.465,14,32,.438,26,54,.481,.547,11,13,.846,8,38,46,23,8,5,10,14
30,30,2024-12-27,@,HOU,W,113,112,,42,83,.506,21,43,.488,21,40,.525,.633,8,16,.500,10,30,40,25,8,6,16,22
31,31,2024-12-29,,SAS,W,112,110,,43,100,.430,11,44,.250,32,56,.571,.485,15,19,.789,18,38,56,23,4,5,10,23
32,32,2024-12-31,@,OKC,L,105,113,,39,79,.494,15,38,.395,24,41,.585,.589,12,12,1.000,10,33,43,21,3,7,24,18
33,33,2025-01-02,,BOS,L,115,118,,37,74,.500,21,39,.538,16,35,.457,.642,20,22,.909,11,30,41,24,1,2,16,11
34,34,2025-01-04,@,DET,L,105,119,,34,80,.425,16,40,.400,18,40,.450,.525,21,26,.808,7,26,33,20,7,4,17,21
35,35,2025-01-06,,LAC,W,108,106,,41,92,.446,16,39,.410,25,53,.472,.533,10,17,.588,17,38,55,24,6,5,15,20
36,36,2025-01-07,@,NOP,W,104,97,,38,89,.427,15,44,.341,23,45,.511,.511,13,19,.684,11,42,53,26,9,8,17,17
37,37,2025-01-09,@,ORL,W,104,89,,34,85,.400,12,34,.353,22,51,.431,.471,24,31,.774,14,36,50,21,9,4,10,19
38,38,2025-01-11,,MEM,L,125,127,,47,83,.566,17,42,.405,30,41,.732,.669,14,19,.737,7,34,41,37,7,5,19,16
39,39,2025-01-13,@,WAS,W,120,106,,41,83,.494,14,37,.378,27,46,.587,.578,24,31,.774,14,39,53,20,8,6,19,15
40,40,2025-01-15,,GSW,L,115,116,,38,86,.442,17,37,.459,21,49,.429,.541,22,29,.759,16,25,41,21,4,7,9,17
41,41,2025-01-17,@,NYK,W,116,99,,42,79,.532,22,40,.550,20,39,.513,.671,10,14,.714,11,35,46,23,5,2,16,16
42,42,2025-01-18,,CLE,L,117,124,,43,90,.478,15,38,.395,28,52,.538,.561,16,19,.842,9,33,42,27,4,4,8,19
43,43,2025-01-20,@,MEM,L,106,108,,36,93,.387,14,43,.326,22,50,.440,.462,20,27,.741,17,35,52,25,5,6,16,26
44,44,2025-01-22,@,DAL,W,115,114,,37,81,.457,11,29,.379,26,52,.500,.525,30,34,.882,9,30,39,26,10,8,11,18
45,45,2025-01-25,,DEN,W,133,104,,53,95,.558,14,30,.467,39,65,.600,.632,13,15,.867,18,27,45,38,14,4,16,14
46,46,2025-01-27,,ATL,W,100,92,,34,86,.395,12,40,.300,22,46,.478,.465,20,29,.690,14,37,51,18,13,4,18,18
47,47,2025-01-29,@,PHO,W,121,113,,42,75,.560,13,29,.448,29,46,.630,.647,24,27,.889,4,30,34,26,8,6,16,19
48,48,2025-01-30,@,UTA,W,138,113,,49,82,.598,21,38,.553,28,44,.636,.726,19,24,.792,9,30,39,38,5,9,13,18
49,49,2025-02-01,,WAS,L,103,105,,38,93,.409,12,40,.300,26,53,.491,.473,15,18,.833,11,36,47,29,10,3,16,16
50,50,2025-02-03,,SAC,L,114,116,,43,94,.457,12,40,.300,31,54,.574,.521,16,16,1.000,11,25,36,28,5,8,8,16
51,51,2025-02-05,,CHI,W,127,108,,42,98,.429,20,47,.426,22,51,.431,.531,23,28,.821,23,36,59,27,6,8,11,15
52,52,2025-02-06,,HOU,W,127,114,,45,94,.479,16,39,.410,29,55,.527,.564,21,24,.875,18,29,47,23,5,6,13,21
53,53,2025-02-08,,POR,W,114,98,,43,82,.524,10,28,.357,33,54,.611,.585,18,28,.643,8,35,43,23,8,2,14,18
54,54,2025-02-10,@,CLE,L,107,128,,36,90,.400,12,39,.308,24,51,.471,.467,23,30,.767,15,26,41,17,10,6,16,19
55,55,2025-02-12,,MIL,L,101,103,,39,103,.379,10,44,.227,29,59,.492,.427,13,15,.867,15,44,59,27,4,6,14,13
56,56,2025-02-13,,OKC,W,116,101,,42,99,.424,12,46,.261,30,53,.566,.485,20,22,.909,20,34,54,28,5,2,10,17
57,57,2025-02-21,@,HOU,L,115,121,,41,92,.446,11,38,.289,30,54,.556,.505,22,26,.846,7,28,35,22,10,6,9,22
58,58,2025-02-23,,OKC,L,123,130,,39,89,.438,18,45,.400,21,44,.477,.539,27,28,.964,15,29,44,23,6,5,13,22
59,59,2025-02-24,@,OKC,W,131,128,OT,44,97,.454,9,32,.281,35,65,.538,.500,34,39,.872,11,43,54,29,6,5,13,23
60,60,2025-02-27,@,LAL,L,102,111,,35,84,.417,12,41,.293,23,43,.535,.488,20,26,.769,10,31,41,25,9,3,12,29
61,61,2025-02-28,@,UTA,L,116,117,,44,101,.436,20,52,.385,24,49,.490,.535,8,14,.571,11,29,40,35,17,4,7,13
62,62,2025-03-02,@,PHO,W,116,98,,39,92,.424,21,52,.404,18,40,.450,.538,17,21,.810,5,30,35,28,18,2,8,17
63,63,2025-03-04,,PHI,W,126,112,,46,81,.568,18,40,.450,28,41,.683,.679,16,17,.941,7,30,37,29,7,5,19,21
64,64,2025-03-05,@,CHO,W,125,110,,44,90,.489,21,49,.429,23,41,.561,.606,16,22,.727,10,33,43,27,9,3,6,17
65,65,2025-03-07,@,MIA,W,106,104,,40,81,.494,18,45,.400,22,36,.611,.605,8,14,.571,7,36,43,28,6,6,14,12
66,66,2025-03-09,,SAS,W,141,124,,53,95,.558,21,42,.500,32,53,.604,.668,14,15,.933,14,28,42,38,7,4,13,17
67,67,2025-03-12,@,DEN,W,115,95,,43,90,.478,17,40,.425,26,50,.520,.572,12,16,.750,12,36,48,31,7,5,15,16
68,68,2025-03-14,,ORL,W,118,111,,42,80,.525,14,33,.424,28,47,.596,.613,20,28,.714,6,39,45,26,8,6,16,21
69,69,2025-03-16,,UTA,W,128,102,,48,97,.495,14,43,.326,34,54,.630,.567,18,26,.692,16,33,49,30,14,6,10,16
70,70,2025-03-17,,IND,L,130,132,OT,44,97,.454,13,42,.310,31,55,.564,.521,29,36,.806,9,35,44,25,11,7,15,22
71,71,2025-03-19,,NOP,L,115,119,,35,77,.455,16,39,.410,19,38,.500,.558,29,36,.806,9,31,40,21,7,6,14,19
72,72,2025-03-21,,NOP,W,134,93,,48,89,.539,19,44,.432,29,45,.644,.646,19,20,.950,10,26,36,40,14,1,14,17
73,73,2025-03-24,@,IND,L,103,119,,44,91,.484,9,35,.257,35,56,.625,.533,6,10,.600,9,36,45,26,5,3,17,13
74,74,2025-03-28,,PHO,W,124,109,,47,89,.528,19,39,.487,28,50,.560,.635,11,13,.846,12,31,43,31,12,4,13,18
75,75,2025-03-30,,DET,W,123,104,,44,93,.473,12,31,.387,32,62,.516,.538,23,31,.742,15,44,59,24,3,9,10,24
76,76,2025-04-01,@,DEN,W,140,139,2OT,52,111,.468,19,50,.380,33,61,.541,.554,17,25,.680,21,31,52,35,5,2,14,34
77,77,2025-04-03,@,BRK,W,105,90,,39,78,.500,13,42,.310,26,36,.722,.583,14,21,.667,10,35,45,27,6,10,18,13
78,78,2025-04-05,@,PHI,W,114,109,,41,81,.506,11,34,.324,30,47,.638,.574,21,29,.724,14,33,47,22,5,7,15,15
79,79,2025-04-08,@,MIL,L,103,110,,41,89,.461,13,40,.325,28,49,.571,.534,8,9,.889,10,32,42,25,4,3,14,20
80,80,2025-04-10,@,MEM,W,141,125,,48,87,.552,20,44,.455,28,43,.651,.667,25,28,.893,8,33,41,29,6,3,16,25
81,81,2025-04-11,,BRK,W,117,91,,42,77,.545,11,31,.355,31,46,.674,.617,22,29,.759,7,41,48,27,5,5,12,15
82,82,2025-04-13,,UTA,W,116,105,,46,98,.469,13,43,.302,33,55,.600,.536,11,16,.688,17,37,54,23,9,9,13,16
,,,,,49-33,9372,8962,,3364,7182,.468,1233,3269,.377,2131,3913,.545,.554,1411,1789,.789,908,2726,3634,2142,654,406,1186,1498


Provided by <a href="https://www.sports-reference.com/sharing.html?utm_source=direct&utm_medium=Share&utm_campaign=ShareTool&__hstc=180814520.e26d614bdbd8cfa12849079b47e91770.1763092167763.1763698976233.1764551499032.8&__hssc=180814520.33.1764551499032&__hsfp=2985364436">Basketball-Reference.com</a>: <a href="https://www.basketball-reference.com/teams/MIN/2025/gamelog/?sr&utm_source=direct&utm_medium=Share&utm_campaign=ShareTool#team_game_log_reg">View Original Table</a><br>Generated 11/30/2025.