Rk,Gtm,Date,,Opp,Rslt,Tm,Opp,OT,FG,FGA,FG%,3P,3PA,3P%,2P,2PA,2P%,eFG%,FT,FTA,FT%,ORB,DRB,TRB,AST,STL,BLK,TOV,PF
1,1,2024-10-23,,CHI,W,123,111,,45,97,.464,14,37,.378,31,60,.517,.536,19,21,.905,7,35,42,29,15,10,12,17
2,2,2024-10-25,@,POR,W,105,103,,36,86,.419,12,32,.375,24,54,.444,.488,21,31,.677,11,33,44,25,12,8,14,22
3,3,2024-10-27,@,POR,L,103,125,,38,88,.432,8,29,.276,30,59,.508,.477,19,24,.792,15,24,39,24,9,8,17,22
4,4,2024-10-29,@,GSW,L,106,124,,40,74,.541,9,22,.409,31,52,.596,.601,17,24,.708,9,35,44,23,4,6,24,13
5,5,2024-10-30,@,GSW,L,89,104,,33,90,.367,11,36,.306,22,54,.407,.428,12,20,.600,18,31,49,24,7,6,15,17
6,6,2024-11-01,,IND,W,125,118,,49,101,.485,12,31,.387,37,70,.529,.545,15,19,.789,15,31,46,28,8,4,8,15
7,7,2024-11-03,,ATL,L,111,126,,39,90,.433,16,38,.421,23,52,.442,.522,17,20,.850,18,25,43,22,6,3,18,16
8,8,2024-11-04,,POR,L,100,118,,38,84,.452,10,35,.286,28,49,.571,.512,14,16,.875,10,24,34,24,5,3,16,20
9,9,2024-11-06,,CLE,L,122,131,,42,88,.477,13,27,.481,29,61,.475,.551,25,28,.893,8,25,33,21,8,8,10,14
10,10,2024-11-08,@,ORL,L,88,115,,32,84,.381,10,31,.323,22,53,.415,.440,14,17,.824,6,25,31,18,10,1,16,19
11,11,2024-11-11,,BRK,L,105,107,,42,94,.447,10,30,.333,32,64,.500,.500,11,12,.917,14,31,45,31,13,4,11,15
12,12,2024-11-13,@,OKC,L,88,106,,34,86,.395,9,37,.243,25,49,.510,.448,11,17,.647,21,37,58,21,3,4,24,15
13,13,2024-11-15,,DEN,W,101,94,,37,87,.425,11,35,.314,26,52,.500,.489,16,18,.889,17,39,56,21,4,5,15,13
14,14,2024-11-16,,LAL,L,99,104,,35,83,.422,11,29,.379,24,54,.444,.488,18,23,.783,18,32,50,24,7,4,17,19
15,15,2024-11-19,@,DAL,L,91,132,,31,78,.397,11,32,.344,20,46,.435,.468,18,21,.857,7,30,37,19,9,4,21,22
16,16,2024-11-20,@,CLE,L,100,128,,39,92,.424,8,31,.258,31,61,.508,.467,14,22,.636,16,24,40,23,9,3,11,11
17,17,2024-11-22,,GSW,L,108,112,,41,92,.446,12,39,.308,29,53,.547,.511,14,22,.636,13,30,43,28,10,9,10,25
18,18,2024-11-25,@,IND,L,110,114,,45,87,.517,9,33,.273,36,54,.667,.569,11,19,.579,8,36,44,35,9,3,15,16
19,19,2024-11-27,,TOR,L,93,119,,36,93,.387,11,35,.314,25,58,.431,.446,10,16,.625,10,37,47,24,12,4,17,16
20,20,2024-11-29,@,MEM,L,109,120,,38,91,.418,9,29,.310,29,62,.468,.467,24,30,.800,14,32,46,16,9,7,15,17
21,21,2024-12-01,@,NYK,L,85,118,,35,94,.372,4,27,.148,31,67,.463,.394,11,17,.647,13,29,42,20,14,9,14,19
22,22,2024-12-02,@,ATL,L,112,124,,44,100,.440,13,42,.310,31,58,.534,.505,11,17,.647,15,26,41,21,15,5,16,18
23,23,2024-12-05,,PHO,W,126,124,,47,95,.495,14,36,.389,33,59,.559,.568,18,25,.720,12,32,44,23,13,4,13,24
24,24,2024-12-07,,OKC,L,109,119,,38,79,.481,11,37,.297,27,42,.643,.551,22,27,.815,8,27,35,25,15,6,18,20
25,25,2024-12-08,@,SAS,L,116,121,,43,99,.434,13,38,.342,30,61,.492,.500,17,21,.810,13,30,43,26,9,8,8,21
26,26,2024-12-12,,SAC,L,109,111,,39,83,.470,14,37,.378,25,46,.543,.554,17,20,.850,10,33,43,22,6,4,17,22
27,27,2024-12-15,@,IND,L,104,119,,38,97,.392,10,33,.303,28,64,.438,.443,18,23,.783,19,30,49,18,11,4,18,19
28,28,2024-12-19,@,HOU,L,113,133,,41,92,.446,13,28,.464,28,64,.438,.516,18,25,.720,11,26,37,25,6,2,12,22
29,29,2024-12-21,,NYK,L,93,104,,34,83,.410,12,34,.353,22,49,.449,.482,13,19,.684,16,29,45,23,8,5,19,20
30,30,2024-12-22,,DEN,L,129,132,OT,50,108,.463,12,40,.300,38,68,.559,.519,17,23,.739,9,34,43,37,16,9,15,23
31,31,2024-12-26,,HOU,L,111,128,,43,99,.434,12,37,.324,31,62,.500,.495,13,18,.722,17,27,44,29,12,2,16,16
32,32,2024-12-27,,MEM,L,124,132,,43,96,.448,11,38,.289,32,58,.552,.505,27,29,.931,12,33,45,30,13,10,17,25
33,33,2024-12-30,,LAC,L,113,116,,42,82,.512,18,37,.486,24,45,.533,.622,11,14,.786,6,29,35,30,13,5,16,22
34,34,2025-01-01,@,MIA,L,108,119,,40,80,.500,9,34,.265,31,46,.674,.556,19,22,.864,5,26,31,25,4,7,11,15
35,35,2025-01-03,,WAS,W,132,120,,48,96,.500,18,41,.439,30,55,.545,.594,18,22,.818,13,24,37,36,10,6,8,22
36,36,2025-01-05,@,WAS,W,110,98,,37,90,.411,18,49,.367,19,41,.463,.511,18,20,.900,11,38,49,26,7,8,12,13
37,37,2025-01-07,,MIN,L,97,104,,35,94,.372,12,41,.293,23,53,.434,.436,15,24,.625,13,33,46,23,12,5,14,18
38,38,2025-01-08,,POR,L,100,119,,40,90,.444,12,37,.324,28,53,.528,.511,8,11,.727,18,23,41,19,11,3,19,15
39,39,2025-01-10,@,PHI,W,123,115,,44,91,.484,18,40,.450,26,51,.510,.582,17,26,.654,12,32,44,31,7,8,12,16
40,40,2025-01-12,@,BOS,L,119,120,,40,86,.465,17,37,.459,23,49,.469,.564,22,26,.846,6,36,42,24,8,3,10,19
41,41,2025-01-14,@,CHI,W,119,113,,42,96,.438,14,50,.280,28,46,.609,.510,21,26,.808,13,33,46,32,11,5,10,13
42,42,2025-01-15,,DAL,W,119,116,,43,97,.443,13,39,.333,30,58,.517,.510,20,24,.833,15,34,49,24,11,8,10,20
43,43,2025-01-17,,UTA,W,136,123,,47,100,.470,22,50,.440,25,50,.500,.580,20,31,.645,21,35,56,34,9,8,13,24
44,44,2025-01-20,,UTA,W,123,119,OT,41,92,.446,15,41,.366,26,51,.510,.527,26,29,.897,6,39,45,28,12,8,14,24
45,45,2025-01-24,@,MEM,L,126,139,,45,83,.542,14,34,.412,31,49,.633,.627,22,32,.688,8,27,35,30,6,3,13,10
46,46,2025-01-25,@,CHO,L,92,123,,32,84,.381,8,31,.258,24,53,.453,.429,20,26,.769,9,30,39,21,8,5,13,17
47,47,2025-01-27,@,TOR,L,104,113,,39,89,.438,6,28,.214,33,61,.541,.472,20,30,.667,6,40,46,21,9,11,13,16
48,48,2025-01-29,,DAL,L,136,137,,51,96,.531,15,31,.484,36,65,.554,.609,19,22,.864,10,26,36,31,13,6,8,15
49,49,2025-01-31,,BOS,L,116,118,,44,90,.489,15,37,.405,29,53,.547,.572,13,19,.684,10,38,48,16,7,2,20,21
50,50,2025-02-03,@,DEN,L,113,125,,38,88,.432,18,38,.474,20,50,.400,.534,19,22,.864,14,27,41,27,5,4,10,21
51,51,2025-02-05,@,DEN,L,119,144,,43,93,.462,10,29,.345,33,64,.516,.516,23,26,.885,10,28,38,26,5,3,11,10
52,52,2025-02-08,@,SAC,L,118,123,,43,90,.478,14,36,.389,29,54,.537,.556,18,25,.720,5,34,39,27,12,8,16,24
53,53,2025-02-10,@,OKC,L,101,137,,36,82,.439,10,27,.370,26,55,.473,.500,19,28,.679,12,30,42,19,4,4,23,14
54,54,2025-02-12,,SAC,L,111,119,,44,94,.468,8,32,.250,36,62,.581,.511,15,18,.833,12,28,40,28,7,5,9,23
55,55,2025-02-13,,SAC,W,140,133,OT,46,92,.500,21,50,.420,25,42,.595,.614,27,34,.794,7,38,45,32,11,7,10,17
56,56,2025-02-21,@,DAL,L,103,111,,38,92,.413,8,27,.296,30,65,.462,.457,19,25,.760,14,39,53,25,8,6,14,23
57,57,2025-02-23,,SAS,W,114,96,,42,94,.447,11,33,.333,31,61,.508,.505,19,26,.731,17,52,69,27,3,3,17,19
58,58,2025-02-25,,SAS,W,109,103,,41,94,.436,7,31,.226,34,63,.540,.473,20,25,.800,20,34,54,25,11,6,19,17
59,59,2025-02-27,@,PHO,W,124,116,,50,104,.481,17,47,.362,33,57,.579,.563,7,12,.583,16,34,50,25,3,6,6,12
60,60,2025-02-28,@,PHO,L,108,125,,44,87,.506,11,28,.393,33,59,.559,.569,9,15,.600,13,22,35,28,10,3,15,13
61,61,2025-03-02,@,UTA,W,128,121,,53,102,.520,15,44,.341,38,58,.655,.593,7,13,.538,13,35,48,35,8,5,11,15
62,62,2025-03-04,@,LAL,L,115,136,,46,93,.495,9,34,.265,37,59,.627,.543,14,21,.667,10,25,35,29,11,3,9,17
63,63,2025-03-06,,HOU,L,97,109,,31,83,.373,9,27,.333,22,56,.393,.428,26,33,.788,15,26,41,17,9,7,15,19
64,64,2025-03-08,@,HOU,L,117,146,,48,99,.485,12,34,.353,36,65,.554,.545,9,16,.563,18,26,44,29,7,3,14,17
65,65,2025-03-09,,MEM,L,104,107,,35,85,.412,13,34,.382,22,51,.431,.488,21,27,.778,10,29,39,24,5,6,14,15
66,66,2025-03-11,,LAC,W,127,120,,47,85,.553,17,31,.548,30,54,.556,.653,16,18,.889,12,34,46,34,7,7,19,16
67,67,2025-03-13,,ORL,L,93,113,,35,79,.443,7,25,.280,28,54,.519,.487,16,21,.762,11,29,40,23,3,4,13,16
68,68,2025-03-15,@,SAS,L,115,119,,46,92,.500,12,35,.343,34,57,.596,.565,11,11,1.000,12,40,52,34,2,3,18,20
69,69,2025-03-17,,DET,L,81,127,,28,86,.326,5,32,.156,23,54,.426,.355,20,30,.667,13,26,39,18,7,6,17,15
70,70,2025-03-19,@,MIN,W,119,115,,47,89,.528,13,29,.448,34,60,.567,.601,12,22,.545,11,35,46,28,5,6,15,25
71,71,2025-03-21,@,MIN,L,93,134,,34,68,.500,11,31,.355,23,37,.622,.581,14,22,.636,7,26,33,20,11,4,26,20
72,72,2025-03-23,@,DET,L,130,136,,49,85,.576,20,40,.500,29,45,.644,.694,12,16,.750,10,27,37,35,3,5,18,30
73,73,2025-03-24,,PHI,W,112,99,,43,87,.494,15,35,.429,28,52,.538,.580,11,13,.846,13,38,51,36,11,5,17,17
74,74,2025-03-28,,GSW,L,95,111,,33,81,.407,7,23,.304,26,58,.448,.451,22,28,.786,14,32,46,24,6,5,16,23
75,75,2025-03-30,,CHO,W,98,94,,38,92,.413,9,31,.290,29,61,.475,.462,13,17,.765,14,43,57,24,9,8,17,17
76,76,2025-04-02,@,LAC,L,98,114,,43,85,.506,4,22,.182,39,63,.619,.529,8,11,.727,7,32,39,29,9,4,17,21
77,77,2025-04-04,@,LAL,L,108,124,,40,82,.488,14,34,.412,26,48,.542,.573,14,22,.636,15,23,38,27,10,2,17,22
78,78,2025-04-06,,MIL,L,107,111,,43,95,.453,12,33,.364,31,62,.500,.516,9,14,.643,9,39,48,31,4,6,12,14
79,79,2025-04-08,@,BRK,L,114,119,,39,82,.476,12,33,.364,27,49,.551,.549,24,31,.774,9,33,42,26,10,6,17,18
80,80,2025-04-10,@,MIL,L,111,136,,41,96,.427,15,47,.319,26,49,.531,.505,14,19,.737,15,38,53,28,8,0,16,21
81,81,2025-04-11,,MIA,L,104,153,,38,95,.400,14,37,.378,24,58,.414,.474,14,20,.700,12,30,42,27,6,2,15,16
82,82,2025-04-13,,OKC,L,100,115,,35,91,.385,7,38,.184,28,53,.528,.423,23,30,.767,11,36,47,22,6,4,13,19
,,,,,21-61,9006,9779,,3332,7368,.452,986,2839,.347,2346,4529,.518,.519,1356,1799,.754,993,2583,3576,2119,701,429,1201,1499


Provided by <a href="https://www.sports-reference.com/sharing.html?utm_source=direct&utm_medium=Share&utm_campaign=ShareTool&__hstc=180814520.e26d614bdbd8cfa12849079b47e91770.1763092167763.1763698976233.1764551499032.8&__hssc=180814520.35.1764551499032&__hsfp=2985364436">Basketball-Reference.com</a>: <a href="https://www.basketball-reference.com/teams/NOP/2025/gamelog/?sr&utm_source=direct&utm_medium=Share&utm_campaign=ShareTool#team_game_log_reg">View Original Table</a><br>Generated 11/30/2025.