Rk,Gtm,Date,,Opp,Rslt,Tm,Opp,OT,FG,FGA,FG%,3P,3PA,3P%,2P,2PA,2P%,eFG%,FT,FTA,FT%,ORB,DRB,TRB,AST,STL,BLK,TOV,PF
1,1,2024-10-22,@,BOS,L,109,132,,43,78,.551,11,30,.367,32,48,.667,.622,12,16,.750,5,29,34,20,2,3,12,12
2,2,2024-10-25,,IND,W,123,98,,44,84,.524,12,27,.444,32,57,.561,.595,23,29,.793,11,32,43,19,5,4,12,18
3,3,2024-10-28,,CLE,L,104,110,,40,90,.444,9,28,.321,31,62,.500,.494,15,18,.833,13,30,43,22,8,3,16,21
4,4,2024-10-30,@,MIA,W,116,107,,40,82,.488,18,40,.450,22,42,.524,.598,18,20,.900,7,35,42,30,8,4,11,16
5,5,2024-11-01,@,DET,W,128,98,,52,101,.515,18,38,.474,34,63,.540,.604,6,10,.600,12,33,45,31,16,3,10,14
6,6,2024-11-04,@,HOU,L,97,109,,34,88,.386,11,28,.393,23,60,.383,.449,18,21,.857,13,26,39,20,6,4,10,18
7,7,2024-11-06,@,ATL,L,116,121,,41,84,.488,22,47,.468,19,37,.514,.619,12,15,.800,7,34,41,29,5,5,16,18
8,8,2024-11-08,,MIL,W,116,94,,43,91,.473,14,46,.304,29,45,.644,.549,16,19,.842,14,34,48,35,7,3,11,20
9,9,2024-11-10,@,IND,L,121,132,,46,83,.554,7,25,.280,39,58,.672,.596,22,27,.815,8,31,39,23,5,3,14,20
10,10,2024-11-12,@,PHI,W,111,99,,44,89,.494,9,31,.290,35,58,.603,.545,14,15,.933,8,39,47,31,8,5,15,15
11,11,2024-11-13,,CHI,L,123,124,,48,94,.511,15,37,.405,33,57,.579,.590,12,18,.667,10,30,40,31,7,3,15,17
12,12,2024-11-15,,BRK,W,124,122,,44,83,.530,13,38,.342,31,45,.689,.608,23,28,.821,8,37,45,25,7,6,13,21
13,13,2024-11-17,,BRK,W,114,104,,43,88,.489,13,40,.325,30,48,.625,.563,15,19,.789,10,37,47,33,4,5,8,23
14,14,2024-11-18,,WAS,W,134,106,,51,91,.560,20,40,.500,31,51,.608,.670,12,13,.923,7,34,41,37,4,1,8,12
15,15,2024-11-20,@,PHO,W,138,122,,50,86,.581,19,39,.487,31,47,.660,.692,19,21,.905,10,31,41,30,10,0,15,15
16,16,2024-11-23,@,UTA,L,106,121,,39,100,.390,17,51,.333,22,49,.449,.475,11,12,.917,11,29,40,25,10,10,9,19
17,17,2024-11-25,@,DEN,W,145,118,,56,92,.609,19,36,.528,37,56,.661,.712,14,16,.875,8,35,43,45,5,4,11,23
18,18,2024-11-27,@,DAL,L,114,129,,40,86,.465,7,29,.241,33,57,.579,.506,27,30,.900,7,26,33,20,9,3,9,19
19,19,2024-11-29,@,CHO,W,99,98,,36,81,.444,12,32,.375,24,49,.490,.519,15,19,.789,12,32,44,20,7,5,21,19
20,20,2024-12-01,,NOP,W,118,85,,42,92,.457,20,45,.444,22,47,.468,.565,14,16,.875,14,46,60,30,10,9,17,14
21,21,2024-12-03,,ORL,W,121,106,,43,85,.506,15,35,.429,28,50,.560,.594,20,20,1.000,5,34,39,30,6,4,19,25
22,22,2024-12-05,,CHO,W,125,101,,41,76,.539,18,33,.545,23,43,.535,.658,25,32,.781,6,37,43,29,7,4,9,13
23,23,2024-12-07,,DET,L,111,120,,42,79,.532,11,34,.324,31,45,.689,.601,16,27,.593,4,27,31,27,11,5,15,12
24,24,2024-12-09,@,TOR,W,113,108,,42,82,.512,17,40,.425,25,42,.595,.616,12,19,.632,6,34,40,32,7,7,10,13
25,25,2024-12-11,,ATL,L,100,108,,40,93,.430,11,42,.262,29,51,.569,.489,9,15,.600,12,37,49,27,8,11,15,14
26,26,2024-12-15,@,ORL,W,100,91,,33,71,.465,10,24,.417,23,47,.489,.535,24,30,.800,7,38,45,20,8,3,19,16
27,27,2024-12-19,@,MIN,W,133,107,,50,97,.515,20,45,.444,30,52,.577,.619,13,16,.813,16,41,57,39,10,2,15,12
28,28,2024-12-21,@,NOP,W,104,93,,38,87,.437,15,37,.405,23,50,.460,.523,13,15,.867,15,27,42,24,11,3,17,18
29,29,2024-12-23,,TOR,W,139,125,,51,86,.593,17,37,.459,34,49,.694,.692,20,29,.690,8,27,35,34,9,1,17,27
30,30,2024-12-25,,SAS,W,117,114,,45,100,.450,13,39,.333,32,61,.525,.515,14,16,.875,17,30,47,26,7,3,5,17
31,31,2024-12-27,@,ORL,W,108,85,,40,75,.533,4,15,.267,36,60,.600,.560,24,34,.706,12,32,44,18,10,3,18,20
32,32,2024-12-28,@,WAS,W,136,132,OT,51,97,.526,10,40,.250,41,57,.719,.577,24,26,.923,10,33,43,26,7,3,15,14
33,33,2024-12-30,@,WAS,W,126,106,,45,98,.459,15,44,.341,30,54,.556,.536,21,25,.840,15,39,54,34,9,2,8,19
34,34,2025-01-01,,UTA,W,119,103,,47,85,.553,9,23,.391,38,62,.613,.606,16,23,.696,6,41,47,31,10,6,13,16
35,35,2025-01-03,@,OKC,L,107,117,,43,90,.478,9,32,.281,34,58,.586,.528,12,17,.706,11,31,42,22,7,2,12,17
36,36,2025-01-04,@,CHI,L,126,139,,48,97,.495,8,30,.267,40,67,.597,.536,22,28,.786,18,31,49,27,7,3,13,13
37,37,2025-01-06,,ORL,L,94,103,,36,81,.444,4,22,.182,32,59,.542,.469,18,22,.818,11,27,38,16,4,3,12,18
38,38,2025-01-08,,TOR,W,112,98,,42,88,.477,12,33,.364,30,55,.545,.545,16,20,.800,15,28,43,24,9,4,16,15
39,39,2025-01-10,,OKC,L,101,126,,37,96,.385,4,31,.129,33,65,.508,.406,23,23,1.000,16,27,43,18,7,3,12,15
40,40,2025-01-12,,MIL,W,140,106,,51,88,.580,18,41,.439,33,47,.702,.682,20,24,.833,10,39,49,29,6,4,12,18
41,41,2025-01-13,,DET,L,119,124,,40,80,.500,15,37,.405,25,43,.581,.594,24,29,.828,10,32,42,26,5,2,18,21
42,42,2025-01-15,@,PHI,W,125,119,OT,46,86,.535,16,37,.432,30,49,.612,.628,17,24,.708,15,30,45,28,10,3,16,14
43,43,2025-01-17,,MIN,L,99,116,,35,90,.389,14,34,.412,21,56,.375,.467,15,17,.882,15,26,41,19,10,4,9,13
44,44,2025-01-20,,ATL,W,119,110,,47,90,.522,9,26,.346,38,64,.594,.572,16,21,.762,12,27,39,31,8,1,16,21
45,45,2025-01-21,@,BRK,W,99,95,,40,87,.460,8,28,.286,32,59,.542,.506,11,14,.786,9,33,42,29,11,3,12,20
46,46,2025-01-25,,SAC,W,143,120,,52,105,.495,17,36,.472,35,69,.507,.576,22,23,.957,17,36,53,40,9,4,11,13
47,47,2025-01-27,,MEM,W,143,106,,56,108,.519,17,44,.386,39,64,.609,.597,14,18,.778,17,29,46,32,20,7,11,16
48,48,2025-01-29,,DEN,W,122,112,,48,93,.516,14,34,.412,34,59,.576,.591,12,18,.667,6,29,35,33,7,2,6,16
49,49,2025-02-01,,LAL,L,112,128,,44,95,.463,10,28,.357,34,67,.507,.516,14,19,.737,16,28,44,33,7,3,14,16
50,50,2025-02-03,,HOU,W,124,118,,47,93,.505,6,26,.231,41,67,.612,.538,24,30,.800,12,28,40,24,9,5,14,15
51,51,2025-02-04,@,TOR,W,121,115,,47,94,.500,8,25,.320,39,69,.565,.543,19,23,.826,17,26,43,26,10,4,13,15
52,52,2025-02-08,,BOS,L,104,131,,35,83,.422,9,24,.375,26,59,.441,.476,25,29,.862,7,23,30,16,9,1,9,15
53,53,2025-02-11,@,IND,W,128,115,,49,91,.538,10,27,.370,39,64,.609,.593,20,23,.870,13,35,48,37,6,2,16,22
54,54,2025-02-12,,ATL,W,149,148,OT,54,94,.574,11,26,.423,43,68,.632,.633,30,37,.811,8,31,39,28,6,5,18,23
55,55,2025-02-20,,CHI,W,113,111,OT,46,107,.430,14,46,.304,32,61,.525,.495,7,10,.700,10,44,54,28,10,7,13,12
56,56,2025-02-21,@,CLE,L,105,142,,42,89,.472,10,28,.357,32,61,.525,.528,11,18,.611,9,23,32,25,8,3,17,12
57,57,2025-02-23,@,BOS,L,105,118,,40,92,.435,14,36,.389,26,56,.464,.511,11,11,1.000,7,33,40,21,4,1,11,15
58,58,2025-02-26,,PHI,W,110,105,,40,77,.519,7,19,.368,33,58,.569,.565,23,29,.793,7,36,43,22,6,8,16,15
59,59,2025-02-28,@,MEM,W,114,113,,44,95,.463,13,38,.342,31,57,.544,.532,13,16,.813,8,27,35,29,10,7,9,16
60,60,2025-03-02,@,MIA,W,116,112,OT,46,95,.484,14,44,.318,32,51,.627,.558,10,15,.667,11,35,46,27,5,6,13,16
61,61,2025-03-04,,GSW,L,102,114,,41,92,.446,8,33,.242,33,59,.559,.489,12,15,.800,14,28,42,26,4,2,14,17
62,62,2025-03-06,@,LAL,L,109,113,OT,37,94,.394,10,43,.233,27,51,.529,.447,25,32,.781,14,32,46,20,10,2,16,21
63,63,2025-03-07,@,LAC,L,95,105,,35,91,.385,9,34,.265,26,57,.456,.434,16,18,.889,14,39,53,25,6,4,15,15
64,64,2025-03-10,@,SAC,W,133,104,,45,84,.536,22,40,.550,23,44,.523,.667,21,26,.808,6,34,40,34,13,1,16,24
65,65,2025-03-12,@,POR,W,114,113,OT,44,94,.468,12,31,.387,32,63,.508,.532,14,20,.700,11,27,38,27,12,7,15,21
66,66,2025-03-15,@,GSW,L,94,97,,37,86,.430,9,24,.375,28,62,.452,.483,11,13,.846,13,36,49,20,6,6,13,16
67,67,2025-03-17,,MIA,W,116,95,,47,95,.495,16,34,.471,31,61,.508,.579,6,6,1.000,13,28,41,30,12,6,14,14
68,68,2025-03-19,@,SAS,L,105,120,,39,92,.424,11,37,.297,28,55,.509,.484,16,21,.762,17,27,44,28,7,7,11,18
69,69,2025-03-20,@,CHO,L,98,115,,36,90,.400,10,39,.256,26,51,.510,.456,16,20,.800,9,29,38,26,9,2,7,18
70,70,2025-03-22,,WAS,W,122,103,,44,91,.484,13,35,.371,31,56,.554,.555,21,27,.778,14,35,49,29,13,3,16,17
71,71,2025-03-25,,DAL,W,128,113,,53,89,.596,10,26,.385,43,63,.683,.652,12,18,.667,5,31,36,40,9,4,15,18
72,72,2025-03-26,,LAC,L,113,126,,42,84,.500,13,34,.382,29,50,.580,.577,16,22,.727,7,31,38,35,4,1,10,14
73,73,2025-03-28,@,MIL,W,116,107,,45,93,.484,12,33,.364,33,60,.550,.548,14,16,.875,14,30,44,28,12,1,9,14
74,74,2025-03-30,,POR,W,110,93,,45,84,.536,10,25,.400,35,59,.593,.595,10,13,.769,9,35,44,27,10,10,15,17
75,75,2025-04-01,,PHI,W,105,91,,36,85,.424,12,31,.387,24,54,.444,.494,21,26,.808,14,30,44,23,10,4,19,18
76,76,2025-04-02,@,CLE,L,105,124,,40,90,.444,11,36,.306,29,54,.537,.506,14,17,.824,15,24,39,24,7,2,16,19
77,77,2025-04-05,@,ATL,W,121,105,,45,84,.536,15,29,.517,30,55,.545,.625,16,19,.842,6,32,38,32,8,5,14,13
78,78,2025-04-06,,PHO,W,112,98,,40,74,.541,12,28,.429,28,46,.609,.622,20,24,.833,6,35,41,28,6,3,15,18
79,79,2025-04-08,,BOS,L,117,119,OT,48,101,.475,11,38,.289,37,63,.587,.530,10,16,.625,17,35,52,28,8,6,11,21
80,80,2025-04-10,@,DET,L,106,115,,42,90,.467,11,34,.324,31,56,.554,.528,11,14,.786,11,23,34,32,11,6,17,19
81,81,2025-04-11,,CLE,L,102,108,,36,88,.409,16,41,.390,20,47,.426,.500,14,20,.700,10,25,35,22,11,2,11,18
82,82,2025-04-13,@,BRK,W,113,105,,37,86,.430,16,42,.381,21,44,.477,.523,23,26,.885,10,30,40,27,10,3,12,25
,,,,,51-31,9494,9158,,3553,7315,.486,1031,2794,.369,2522,4521,.558,.556,1357,1696,.800,890,2607,3497,2254,671,324,1088,1407


Provided by <a href="https://www.sports-reference.com/sharing.html?utm_source=direct&utm_medium=Share&utm_campaign=ShareTool&__hstc=180814520.e26d614bdbd8cfa12849079b47e91770.1763092167763.1763698976233.1764551499032.8&__hssc=180814520.37.1764551499032&__hsfp=2985364436">Basketball-Reference.com</a>: <a href="https://www.basketball-reference.com/teams/NYK/2025/gamelog/?sr&utm_source=direct&utm_medium=Share&utm_campaign=ShareTool#team_game_log_reg">View Original Table</a><br>Generated 11/30/2025.