Rk,Gtm,Date,,Opp,Rslt,Tm,Opp,OT,FG,FGA,FG%,3P,3PA,3P%,2P,2PA,2P%,eFG%,FT,FTA,FT%,ORB,DRB,TRB,AST,STL,BLK,TOV,PF
1,1,2024-10-24,@,DEN,W,102,87,,43,101,.426,8,36,.222,35,65,.538,.465,8,12,.667,13,36,49,23,9,13,12,15
2,2,2024-10-26,@,CHI,W,114,95,,45,107,.421,8,40,.200,37,67,.552,.458,16,20,.800,9,45,54,21,15,5,10,18
3,3,2024-10-27,,ATL,W,128,104,,44,89,.494,16,40,.400,28,49,.571,.584,24,32,.750,11,34,45,26,13,12,10,23
4,4,2024-10-30,,SAS,W,105,93,,41,89,.461,17,41,.415,24,48,.500,.556,6,8,.750,5,34,39,28,18,6,14,15
5,5,2024-11-01,@,POR,W,137,114,,51,95,.537,19,49,.388,32,46,.696,.637,16,19,.842,14,31,45,31,14,9,13,29
6,6,2024-11-02,@,LAC,W,105,92,,36,84,.429,16,39,.410,20,45,.444,.524,17,19,.895,3,38,41,25,11,3,12,22
7,7,2024-11-04,,ORL,W,102,86,,39,85,.459,12,31,.387,27,54,.500,.529,12,16,.750,5,37,42,23,12,4,17,21
8,8,2024-11-06,@,DEN,L,122,124,,44,100,.440,16,40,.400,28,60,.467,.520,18,23,.783,13,34,47,29,15,6,14,28
9,9,2024-11-08,,HOU,W,126,107,,46,90,.511,14,37,.378,32,53,.604,.589,20,23,.870,7,34,41,24,9,8,11,23
10,10,2024-11-10,,GSW,L,116,127,,42,94,.447,11,33,.333,31,61,.508,.505,21,26,.808,14,27,41,25,4,6,11,18
11,11,2024-11-11,,LAC,W,134,128,,47,91,.516,18,46,.391,29,45,.644,.615,22,23,.957,9,20,29,31,16,5,11,23
12,12,2024-11-13,,NOP,W,106,88,,39,88,.443,15,39,.385,24,49,.490,.528,13,16,.813,5,26,31,20,16,7,7,17
13,13,2024-11-15,,PHO,W,99,83,,36,91,.396,10,40,.250,26,51,.510,.451,17,18,.944,13,40,53,21,6,11,11,26
14,14,2024-11-17,,DAL,L,119,121,,43,87,.494,14,42,.333,29,45,.644,.575,19,25,.760,7,22,29,29,11,5,8,25
15,15,2024-11-19,@,SAS,L,104,110,,41,100,.410,16,53,.302,25,47,.532,.490,6,7,.857,13,34,47,24,16,4,14,18
16,16,2024-11-20,,POR,W,109,99,,40,91,.440,9,31,.290,31,60,.517,.489,20,23,.870,15,31,46,24,14,8,14,20
17,17,2024-11-25,@,SAC,W,130,109,,48,86,.558,14,31,.452,34,55,.618,.640,20,25,.800,11,33,44,28,6,3,15,18
18,18,2024-11-27,@,GSW,W,105,101,,39,85,.459,11,37,.297,28,48,.583,.524,16,26,.615,8,40,48,26,10,9,14,21
19,19,2024-11-29,@,LAL,W,101,93,,38,93,.409,13,40,.325,25,53,.472,.478,12,16,.750,15,32,47,20,12,3,10,17
20,20,2024-12-01,@,HOU,L,116,119,,42,94,.447,13,39,.333,29,55,.527,.516,19,25,.760,11,35,46,30,5,4,7,26
21,21,2024-12-03,,UTA,W,133,106,,53,102,.520,17,47,.362,36,55,.655,.603,10,11,.909,15,19,34,32,18,3,8,23
22,22,2024-12-05,@,TOR,W,129,92,,49,102,.480,17,47,.362,32,55,.582,.564,14,17,.824,13,42,55,28,15,11,6,16
23,23,2024-12-07,@,NOP,W,119,109,,45,85,.529,12,32,.375,33,53,.623,.600,17,21,.810,10,35,45,27,13,3,20,24
24,24,2024-12-10,,DAL,W,118,104,,46,101,.455,20,50,.400,26,51,.510,.554,6,7,.857,17,35,52,29,14,5,14,17
25,25,2024-12-14,,HOU,W,111,96,,36,80,.450,11,30,.367,25,50,.500,.519,28,32,.875,4,39,43,19,12,4,12,24
26,26,2024-12-19,@,ORL,W,105,99,,40,83,.482,10,31,.323,30,52,.577,.542,15,16,.938,4,28,32,23,15,6,13,20
27,27,2024-12-20,@,MIA,W,104,97,,39,86,.453,14,34,.412,25,52,.481,.535,12,17,.706,12,36,48,24,8,5,14,17
28,28,2024-12-23,,WAS,W,123,105,,47,106,.443,10,38,.263,37,68,.544,.491,19,22,.864,19,40,59,25,15,9,12,18
29,29,2024-12-26,@,IND,W,120,114,,44,95,.463,13,37,.351,31,58,.534,.532,19,24,.792,9,36,45,20,4,4,3,18
30,30,2024-12-28,@,CHO,W,106,94,,42,88,.477,10,38,.263,32,50,.640,.534,12,14,.857,9,40,49,29,9,1,17,19
31,31,2024-12-29,,MEM,W,130,106,,52,103,.505,14,44,.318,38,59,.644,.573,12,12,1.000,9,36,45,35,10,9,10,24
32,32,2024-12-31,,MIN,W,113,105,,42,89,.472,12,36,.333,30,53,.566,.539,17,23,.739,9,28,37,25,16,2,12,13
33,33,2025-01-02,,LAC,W,116,98,,43,86,.500,14,38,.368,29,48,.604,.581,16,20,.800,4,31,35,29,11,3,10,14
34,34,2025-01-03,,NYK,W,117,107,,43,84,.512,14,27,.519,29,57,.509,.595,17,21,.810,7,34,41,27,9,7,13,17
35,35,2025-01-05,,BOS,W,105,92,,39,87,.448,16,38,.421,23,49,.469,.540,11,13,.846,9,37,46,22,11,6,16,18
36,36,2025-01-08,@,CLE,L,122,129,,48,90,.533,11,31,.355,37,59,.627,.594,15,17,.882,9,29,38,35,9,5,13,24
37,37,2025-01-10,@,NYK,W,126,101,,48,89,.539,14,27,.519,34,62,.548,.618,16,18,.889,8,38,46,20,9,9,15,23
38,38,2025-01-12,@,WAS,W,136,95,,45,95,.474,13,35,.371,32,60,.533,.542,33,35,.943,15,41,56,26,11,4,13,22
39,39,2025-01-14,@,PHI,W,118,102,,45,81,.556,12,36,.333,33,45,.733,.630,16,18,.889,10,28,38,32,10,4,18,22
40,40,2025-01-16,,CLE,W,134,114,,53,105,.505,18,53,.340,35,52,.673,.590,10,11,.909,8,31,39,25,12,5,7,20
41,41,2025-01-17,@,DAL,L,98,106,,35,91,.385,20,46,.435,15,45,.333,.495,8,12,.667,14,32,46,24,7,2,15,20
42,42,2025-01-19,,BRK,W,127,101,,48,87,.552,19,43,.442,29,44,.659,.661,12,13,.923,8,35,43,37,8,5,12,19
43,43,2025-01-22,,UTA,W,123,114,,44,95,.463,12,39,.308,32,56,.571,.526,23,25,.920,13,26,39,20,15,4,11,23
44,44,2025-01-23,,DAL,L,115,121,,42,88,.477,15,37,.405,27,51,.529,.563,16,22,.727,8,25,33,26,9,4,13,27
45,45,2025-01-26,@,POR,W,118,108,,42,89,.472,10,30,.333,32,59,.542,.528,24,29,.828,14,29,43,24,7,3,9,19
46,46,2025-01-29,@,GSW,L,109,116,,40,99,.404,9,39,.231,31,60,.517,.449,20,25,.800,17,33,50,21,8,3,14,21
47,47,2025-02-01,,SAC,W,144,110,,57,107,.533,19,46,.413,38,61,.623,.621,11,16,.688,20,50,70,37,5,6,12,18
48,48,2025-02-03,,MIL,W,125,96,,51,99,.515,16,41,.390,35,58,.603,.596,7,8,.875,14,41,55,28,9,5,17,18
49,49,2025-02-05,,PHO,W,140,109,,52,102,.510,12,42,.286,40,60,.667,.569,24,27,.889,17,29,46,24,15,4,6,23
50,50,2025-02-07,,TOR,W,121,109,,43,84,.512,9,31,.290,34,53,.642,.565,26,31,.839,11,33,44,26,10,7,12,14
51,51,2025-02-08,@,MEM,W,125,112,,45,105,.429,18,42,.429,27,63,.429,.514,17,21,.810,21,34,55,29,5,5,9,27
52,52,2025-02-10,,NOP,W,137,101,,49,95,.516,27,55,.491,22,40,.550,.658,12,16,.750,10,35,45,29,15,8,11,20
53,53,2025-02-12,,MIA,W,115,101,,43,88,.489,15,39,.385,28,49,.571,.574,14,20,.700,11,30,41,22,10,3,13,19
54,54,2025-02-13,@,MIN,L,101,116,,37,88,.420,7,29,.241,30,59,.508,.460,20,24,.833,12,37,49,25,4,7,10,17
55,55,2025-02-21,@,UTA,W,130,107,,46,97,.474,19,43,.442,27,54,.500,.572,19,20,.950,17,34,51,38,10,10,12,20
56,56,2025-02-23,@,MIN,W,130,123,,48,86,.558,19,35,.543,29,51,.569,.669,15,20,.750,7,30,37,32,9,8,13,22
57,57,2025-02-24,,MIN,L,128,131,OT,45,106,.425,15,49,.306,30,57,.526,.495,23,29,.793,16,37,53,27,10,8,11,30
58,58,2025-02-26,@,BRK,W,129,121,,48,90,.533,9,30,.300,39,60,.650,.583,24,29,.828,11,34,45,27,10,4,12,21
59,59,2025-02-28,@,ATL,W,135,119,,51,101,.505,23,50,.460,28,51,.549,.619,10,12,.833,9,34,43,37,10,1,12,18
60,60,2025-03-02,@,SAS,W,146,132,,55,101,.545,19,44,.432,36,57,.632,.639,17,20,.850,12,33,45,34,7,6,7,16
61,61,2025-03-03,,HOU,W,137,128,,48,97,.495,17,37,.459,31,60,.517,.582,24,27,.889,14,35,49,31,11,6,13,18
62,62,2025-03-05,@,MEM,W,120,103,,44,87,.506,15,36,.417,29,51,.569,.592,17,19,.895,3,36,39,27,10,4,11,22
63,63,2025-03-07,,POR,W,107,89,,39,84,.464,14,38,.368,25,46,.543,.548,15,17,.882,4,39,43,25,12,8,13,13
64,64,2025-03-09,,DEN,W,127,103,,46,94,.489,13,38,.342,33,56,.589,.559,22,25,.880,10,46,56,25,5,14,5,20
65,65,2025-03-10,,DEN,L,127,140,,47,100,.470,19,47,.404,28,53,.528,.565,14,16,.875,13,24,37,29,9,6,11,16
66,66,2025-03-12,@,BOS,W,118,112,,40,82,.488,13,37,.351,27,45,.600,.567,25,35,.714,11,33,44,19,7,2,12,17
67,67,2025-03-15,@,DET,W,113,107,,43,89,.483,10,34,.294,33,55,.600,.539,17,22,.773,10,34,44,17,11,8,18,20
68,68,2025-03-16,@,MIL,W,121,105,,46,89,.517,10,29,.345,36,60,.600,.573,19,25,.760,8,42,50,30,3,3,10,20
69,69,2025-03-19,,PHI,W,133,100,,47,90,.522,24,52,.462,23,38,.605,.656,15,20,.750,11,44,55,36,10,5,14,12
70,70,2025-03-21,,CHO,W,141,106,,54,94,.574,21,39,.538,33,55,.600,.686,12,17,.706,10,33,43,29,10,7,9,13
71,71,2025-03-23,@,LAC,W,103,101,,37,92,.402,12,35,.343,25,57,.439,.467,17,20,.850,10,32,42,28,9,8,9,22
72,72,2025-03-25,@,SAC,W,121,105,,43,82,.524,19,32,.594,24,50,.480,.640,16,20,.800,6,46,52,30,7,6,17,18
73,73,2025-03-27,,MEM,W,125,104,,44,90,.489,13,31,.419,31,59,.525,.561,24,28,.857,7,38,45,28,9,4,12,17
74,74,2025-03-29,,IND,W,132,111,,48,94,.511,17,36,.472,31,58,.534,.601,19,23,.826,8,39,47,26,9,4,10,17
75,75,2025-03-31,,CHI,W,145,117,,52,98,.531,23,43,.535,29,55,.527,.648,18,23,.783,9,35,44,39,11,6,14,16
76,76,2025-04-02,,DET,W,119,103,,42,96,.438,10,38,.263,32,58,.552,.490,25,31,.806,13,33,46,25,12,11,10,19
77,77,2025-04-04,@,HOU,L,111,125,,43,89,.483,13,35,.371,30,54,.556,.556,12,15,.800,7,26,33,24,7,6,15,20
78,78,2025-04-06,,LAL,L,99,126,,39,90,.433,12,37,.324,27,53,.509,.500,9,12,.750,9,25,34,20,9,3,7,17
79,79,2025-04-08,,LAL,W,136,120,,52,104,.500,18,37,.486,34,67,.507,.587,14,20,.700,15,29,44,26,9,5,7,26
80,80,2025-04-09,@,PHO,W,125,112,,45,86,.523,12,30,.400,33,56,.589,.593,23,27,.852,8,36,44,24,11,2,12,18
81,81,2025-04-11,@,UTA,W,145,111,,56,100,.560,24,53,.453,32,47,.681,.680,9,13,.692,5,42,47,41,12,4,10,17
82,82,2025-04-13,@,NOP,W,115,100,,41,98,.418,9,47,.191,32,51,.627,.464,24,27,.889,17,37,54,16,8,4,10,25
,,,,,68-14,9881,8826,,3660,7600,.482,1192,3184,.374,2468,4416,.559,.560,1369,1672,.819,871,2801,3672,2202,847,465,961,1631


Provided by <a href="https://www.sports-reference.com/sharing.html?utm_source=direct&utm_medium=Share&utm_campaign=ShareTool">Basketball-Reference.com</a>: <a href="https://www.basketball-reference.com/teams/OKC/2025/gamelog/?sr&utm_source=direct&utm_medium=Share&utm_campaign=ShareTool#team_game_log_reg">View Original Table</a><br>Generated 11/30/2025.