Rk,Gtm,Date,,Opp,Rslt,Tm,Opp,OT,FG,FGA,FG%,3P,3PA,3P%,2P,2PA,2P%,eFG%,FT,FTA,FT%,ORB,DRB,TRB,AST,STL,BLK,TOV,PF
1,1,2024-10-23,@,LAC,W,116,113,OT,38,78,.487,15,38,.395,23,40,.575,.583,25,34,.735,4,38,42,25,12,9,22,23
2,2,2024-10-25,@,LAL,L,116,123,,42,82,.512,17,37,.459,25,45,.556,.616,15,17,.882,5,29,34,35,8,4,17,26
3,3,2024-10-26,,DAL,W,114,102,,36,80,.450,14,39,.359,22,41,.537,.538,28,37,.757,7,40,47,26,3,4,11,17
4,4,2024-10-28,,LAL,W,109,105,,40,87,.460,11,36,.306,29,51,.569,.523,18,20,.900,9,37,46,21,7,11,11,22
5,5,2024-10-31,@,LAC,W,125,119,,42,82,.512,18,39,.462,24,43,.558,.622,23,28,.821,8,31,39,29,12,4,12,20
6,6,2024-11-02,,POR,W,103,97,,35,93,.376,17,52,.327,18,41,.439,.468,16,22,.727,13,50,63,29,4,8,14,10
7,7,2024-11-04,,PHI,W,118,116,,42,82,.512,11,32,.344,31,50,.620,.579,23,26,.885,9,34,43,24,6,4,14,16
8,8,2024-11-06,,MIA,W,115,112,,42,84,.500,18,43,.419,24,41,.585,.607,13,18,.722,10,36,46,29,5,6,16,14
9,9,2024-11-08,@,DAL,W,114,113,,43,86,.500,15,39,.385,28,47,.596,.587,13,18,.722,11,26,37,26,6,2,9,18
10,10,2024-11-10,,SAC,L,118,127,OT,44,105,.419,18,57,.316,26,48,.542,.505,12,15,.800,8,40,48,30,11,3,12,19
11,11,2024-11-12,@,UTA,W,120,112,,43,86,.500,18,39,.462,25,47,.532,.605,16,22,.727,10,32,42,21,6,11,10,11
12,12,2024-11-13,@,SAC,L,104,127,,36,97,.371,13,43,.302,23,54,.426,.438,19,26,.731,19,21,40,23,12,2,10,12
13,13,2024-11-15,@,OKC,L,83,99,,22,75,.293,9,37,.243,13,38,.342,.353,30,40,.750,11,39,50,17,6,4,17,20
14,14,2024-11-17,@,MIN,L,117,120,,46,85,.541,14,31,.452,32,54,.593,.624,11,15,.733,12,29,41,29,9,2,21,26
15,15,2024-11-18,,ORL,L,99,109,,35,83,.422,12,41,.293,23,42,.548,.494,17,25,.680,16,29,45,25,5,2,13,21
16,16,2024-11-20,,NYK,L,122,138,,45,92,.489,19,50,.380,26,42,.619,.592,13,17,.765,11,23,34,30,9,2,14,16
17,17,2024-11-26,,LAL,W,127,100,,51,99,.515,17,42,.405,34,57,.596,.601,8,10,.800,8,38,46,31,9,3,9,18
18,18,2024-11-27,,BRK,L,117,127,,41,77,.532,12,31,.387,29,46,.630,.610,23,28,.821,3,34,37,25,7,5,17,26
19,19,2024-11-30,,GSW,W,113,105,,38,79,.481,18,35,.514,20,44,.455,.595,19,22,.864,6,39,45,31,4,9,14,13
20,20,2024-12-03,,SAS,W,104,93,,38,78,.487,11,32,.344,27,46,.587,.558,17,21,.810,2,42,44,26,10,5,14,16
21,21,2024-12-05,@,NOP,L,124,126,,43,85,.506,17,45,.378,26,40,.650,.606,21,26,.808,10,36,46,32,10,3,17,15
22,22,2024-12-07,@,MIA,L,111,121,,36,82,.439,16,41,.390,20,41,.488,.537,23,25,.920,13,28,41,29,8,3,14,20
23,23,2024-12-08,@,ORL,L,110,115,,39,83,.470,13,28,.464,26,55,.473,.548,19,22,.864,9,30,39,24,7,6,21,24
24,24,2024-12-13,@,UTA,W,134,126,,47,89,.528,22,45,.489,25,44,.568,.652,18,20,.900,9,28,37,36,10,7,8,18
25,25,2024-12-15,,POR,W,116,109,,43,89,.483,15,39,.385,28,50,.560,.567,15,19,.789,12,34,46,23,7,2,11,13
26,26,2024-12-19,,IND,L,111,120,,40,82,.488,9,30,.300,31,52,.596,.543,22,28,.786,7,37,44,28,6,4,16,20
27,27,2024-12-21,,DET,L,125,133,,45,78,.577,14,29,.483,31,49,.633,.667,21,23,.913,6,29,35,30,9,1,19,21
28,28,2024-12-23,@,DEN,L,90,117,,33,83,.398,13,33,.394,20,50,.400,.476,11,15,.733,9,30,39,23,6,5,15,13
29,29,2024-12-25,,DEN,W,110,100,,41,88,.466,11,36,.306,30,52,.577,.528,17,20,.850,12,30,42,31,12,4,9,17
30,30,2024-12-27,,DAL,L,89,98,,32,83,.386,13,35,.371,19,48,.396,.464,12,18,.667,12,30,42,23,11,7,16,17
31,31,2024-12-28,@,GSW,L,105,109,,39,92,.424,9,35,.257,30,57,.526,.473,18,22,.818,14,32,46,21,7,12,14,13
32,32,2024-12-31,,MEM,L,112,117,,42,92,.457,9,30,.300,33,62,.532,.505,19,25,.760,10,33,43,28,9,10,17,25
33,33,2025-01-04,@,IND,L,108,126,,38,78,.487,12,30,.400,26,48,.542,.564,20,21,.952,5,31,36,30,3,7,13,14
34,34,2025-01-06,@,PHI,W,109,99,,41,81,.506,14,31,.452,27,50,.540,.593,13,19,.684,4,40,44,32,7,4,12,18
35,35,2025-01-07,@,CHO,L,104,115,,39,92,.424,8,33,.242,31,59,.525,.467,18,19,.947,8,34,42,27,3,4,11,23
36,36,2025-01-09,,ATL,W,123,115,,49,85,.576,13,33,.394,36,52,.692,.653,12,15,.800,12,30,42,33,7,6,16,15
37,37,2025-01-11,,UTA,W,114,106,,44,86,.512,13,37,.351,31,49,.633,.587,13,19,.684,12,26,38,26,9,4,11,17
38,38,2025-01-12,,CHO,W,120,113,,42,87,.483,17,41,.415,25,46,.543,.580,19,22,.864,8,31,39,31,9,6,12,17
39,39,2025-01-14,@,ATL,L,117,122,,43,84,.512,13,35,.371,30,49,.612,.589,18,27,.667,6,31,37,28,10,4,13,17
40,40,2025-01-16,@,WAS,W,130,123,,44,85,.518,16,33,.485,28,52,.538,.612,26,31,.839,10,37,47,33,10,4,16,23
41,41,2025-01-18,@,DET,W,125,121,,43,86,.500,7,25,.280,36,61,.590,.541,32,40,.800,13,37,50,25,6,3,10,24
42,42,2025-01-20,@,CLE,L,92,118,,36,77,.468,10,26,.385,26,51,.510,.532,10,13,.769,1,33,34,22,3,5,17,20
43,43,2025-01-22,@,BRK,W,108,84,,42,88,.477,14,41,.341,28,47,.596,.557,10,13,.769,11,37,48,28,9,1,11,12
44,44,2025-01-25,,WAS,W,119,109,,40,90,.444,13,40,.325,27,50,.540,.517,26,28,.929,12,41,53,23,4,4,11,11
45,45,2025-01-27,,LAC,W,111,109,,40,85,.471,22,47,.468,18,38,.474,.600,9,11,.818,11,28,39,23,10,5,17,17
46,46,2025-01-29,,MIN,L,113,121,,43,85,.506,12,32,.375,31,53,.585,.576,15,20,.750,10,26,36,30,7,6,16,25
47,47,2025-01-31,@,GSW,W,130,105,,50,89,.562,19,39,.487,31,50,.620,.669,11,16,.688,4,44,48,41,7,7,15,20
48,48,2025-02-01,@,POR,L,108,127,,38,84,.452,10,33,.303,28,51,.549,.512,22,26,.846,11,26,37,21,5,2,19,21
49,49,2025-02-03,@,POR,L,119,121,OT,40,85,.471,15,42,.357,25,43,.581,.559,24,28,.857,10,33,43,28,12,5,15,21
50,50,2025-02-05,@,OKC,L,109,140,,33,70,.471,14,36,.389,19,34,.559,.571,29,33,.879,3,32,35,24,3,2,22,17
51,51,2025-02-07,,UTA,W,135,127,OT,47,104,.452,22,56,.393,25,48,.521,.558,19,21,.905,12,37,49,31,6,15,8,17
52,52,2025-02-08,,DEN,L,105,122,,38,98,.388,17,50,.340,21,48,.438,.474,12,15,.800,17,26,43,25,5,6,6,15
53,53,2025-02-11,,MEM,L,112,119,,41,92,.446,12,44,.273,29,48,.604,.511,18,22,.818,7,35,42,35,8,9,12,17
54,54,2025-02-12,@,HOU,L,111,119,,46,89,.517,10,26,.385,36,63,.571,.573,9,11,.818,11,32,43,25,7,5,18,19
55,55,2025-02-20,@,SAS,L,109,120,,38,81,.469,16,44,.364,22,37,.595,.568,17,20,.850,5,34,39,28,6,4,18,21
56,56,2025-02-22,@,CHI,W,121,117,,43,89,.483,10,30,.333,33,59,.559,.539,25,28,.893,8,41,49,29,7,3,11,11
57,57,2025-02-23,@,TOR,L,109,127,,43,85,.506,7,28,.250,36,57,.632,.547,16,22,.727,4,33,37,22,9,7,12,19
58,58,2025-02-25,@,MEM,L,148,151,OT,53,99,.535,21,37,.568,32,62,.516,.641,21,26,.808,8,38,46,39,6,6,16,25
59,59,2025-02-27,,NOP,L,116,124,,44,94,.468,20,53,.377,24,41,.585,.574,8,10,.800,14,38,52,29,4,6,11,15
60,60,2025-02-28,,NOP,W,125,108,,47,79,.595,21,40,.525,26,39,.667,.728,10,13,.769,5,30,35,35,6,3,17,18
61,61,2025-03-02,,MIN,L,98,116,,35,80,.438,13,42,.310,22,38,.579,.519,15,19,.789,10,47,57,24,2,7,22,16
62,62,2025-03-04,,LAC,W,119,117,,41,80,.513,14,34,.412,27,46,.587,.600,23,27,.852,7,30,37,31,5,3,11,20
63,63,2025-03-07,@,DEN,L,141,149,OT,51,91,.560,16,38,.421,35,53,.660,.648,23,29,.793,7,32,39,36,6,2,13,18
64,64,2025-03-09,@,DAL,W,125,116,,49,84,.583,10,28,.357,39,56,.696,.643,17,18,.944,6,40,46,33,4,4,13,10
65,65,2025-03-10,@,MEM,L,118,120,,41,90,.456,20,38,.526,21,52,.404,.567,16,22,.727,15,31,46,31,6,2,16,22
66,66,2025-03-12,@,HOU,L,104,111,,39,73,.534,10,28,.357,29,45,.644,.603,16,20,.800,5,32,37,22,7,8,17,18
67,67,2025-03-14,,SAC,W,122,106,,41,79,.519,24,43,.558,17,36,.472,.671,16,19,.842,7,27,34,33,12,3,14,15
68,68,2025-03-16,@,LAL,L,96,107,,35,89,.393,9,41,.220,26,48,.542,.444,17,21,.810,14,37,51,25,4,4,14,27
69,69,2025-03-17,,TOR,W,129,89,,47,92,.511,20,39,.513,27,53,.509,.620,15,15,1.000,12,42,54,34,7,4,10,21
70,70,2025-03-19,,CHI,W,127,121,,47,96,.490,15,40,.375,32,56,.571,.568,18,20,.900,13,33,46,34,9,6,11,13
71,71,2025-03-21,,CLE,W,123,112,,48,92,.522,19,42,.452,29,50,.580,.625,8,8,1.000,12,34,46,33,6,3,15,16
72,72,2025-03-24,,MIL,W,108,106,,39,82,.476,14,36,.389,25,46,.543,.561,16,18,.889,14,38,52,25,2,4,16,21
73,73,2025-03-26,,BOS,L,102,132,,36,87,.414,13,41,.317,23,46,.500,.489,17,21,.810,11,27,38,22,7,3,14,18
74,74,2025-03-28,@,MIN,L,109,124,,41,79,.519,18,37,.486,23,42,.548,.633,9,13,.692,8,26,34,28,6,4,16,16
75,75,2025-03-30,,HOU,L,109,148,,42,87,.483,10,32,.313,32,55,.582,.540,15,17,.882,10,29,39,25,8,5,19,21
76,76,2025-04-01,@,MIL,L,123,133,,44,92,.478,18,45,.400,26,47,.553,.576,17,21,.810,15,18,33,26,6,0,14,19
77,77,2025-04-04,@,BOS,L,103,123,,41,93,.441,12,37,.324,29,56,.518,.505,9,11,.818,11,29,40,24,7,2,8,15
78,78,2025-04-06,@,NYK,L,98,112,,39,92,.424,4,34,.118,35,58,.603,.446,16,19,.842,15,20,35,20,11,3,12,22
79,79,2025-04-08,,GSW,L,95,133,,35,88,.398,12,43,.279,23,45,.511,.466,13,15,.867,13,28,41,22,12,4,19,19
80,80,2025-04-09,,OKC,L,112,125,,42,87,.483,15,42,.357,27,45,.600,.569,13,19,.684,9,29,38,31,10,3,15,17
81,81,2025-04-11,,SAS,W,117,98,,44,95,.463,19,47,.404,25,48,.521,.563,10,11,.909,13,39,52,27,9,10,11,9
82,82,2025-04-13,@,SAC,L,98,109,,40,84,.476,15,44,.341,25,40,.625,.565,3,6,.500,9,28,37,28,6,1,13,9
,,,,,36-46,9317,9563,,3381,7075,.478,1176,3112,.378,2205,3963,.556,.561,1379,1702,.810,783,2701,3484,2277,593,392,1153,1471


Provided by <a href="https://www.sports-reference.com/sharing.html?utm_source=direct&utm_medium=Share&utm_campaign=ShareTool&__hstc=180814520.e26d614bdbd8cfa12849079b47e91770.1763092167763.1763698976233.1764551499032.8&__hssc=180814520.46.1764551499032&__hsfp=2985364436">Basketball-Reference.com</a>: <a href="https://www.basketball-reference.com/teams/PHO/2025/gamelog/?sr&utm_source=direct&utm_medium=Share&utm_campaign=ShareTool#team_game_log_reg">View Original Table</a><br>Generated 11/30/2025.