Rk,Gtm,Date,,Opp,Rslt,Tm,Opp,OT,FG,FGA,FG%,3P,3PA,3P%,2P,2PA,2P%,eFG%,FT,FTA,FT%,ORB,DRB,TRB,AST,STL,BLK,TOV,PF
1,1,2024-10-23,,GSW,L,104,140,,36,92,.391,8,34,.235,28,58,.483,.435,24,30,.800,13,29,42,21,10,4,18,22
2,2,2024-10-25,,NOP,L,103,105,,37,90,.411,13,37,.351,24,53,.453,.483,16,20,.800,10,38,48,26,7,11,20,22
3,3,2024-10-27,,NOP,W,125,103,,43,93,.462,14,35,.400,29,58,.500,.538,25,32,.781,22,29,51,25,9,8,16,21
4,4,2024-10-28,@,SAC,L,98,111,,35,83,.422,4,22,.182,31,61,.508,.446,24,30,.800,12,34,46,17,5,4,18,22
5,5,2024-10-30,@,LAC,W,106,105,,41,92,.446,14,33,.424,27,59,.458,.522,10,12,.833,12,35,47,19,9,6,13,18
6,6,2024-11-01,,OKC,L,114,137,,39,83,.470,15,35,.429,24,48,.500,.560,21,31,.677,11,25,36,27,8,5,19,17
7,7,2024-11-02,@,PHO,L,97,103,,37,111,.333,14,43,.326,23,68,.338,.396,9,11,.818,14,42,56,17,10,5,6,18
8,8,2024-11-04,@,NOP,W,118,100,,46,84,.548,10,29,.345,36,55,.655,.607,16,24,.667,11,27,38,21,10,5,12,15
9,9,2024-11-07,@,SAS,L,105,118,,41,86,.477,9,32,.281,32,54,.593,.529,14,22,.636,14,27,41,23,7,3,14,14
10,10,2024-11-08,@,MIN,L,102,127,,39,91,.429,6,25,.240,33,66,.500,.462,18,24,.750,12,25,37,13,11,7,17,17
11,11,2024-11-10,,MEM,L,89,134,,34,100,.340,4,42,.095,30,58,.517,.360,17,21,.810,16,27,43,18,9,3,24,21
12,12,2024-11-12,,MIN,W,122,108,,43,84,.512,18,32,.563,25,52,.481,.619,18,20,.900,11,28,39,30,14,7,20,23
13,13,2024-11-13,,MIN,W,106,98,,38,83,.458,9,25,.360,29,58,.500,.512,21,23,.913,11,36,47,17,10,10,20,18
14,14,2024-11-17,,ATL,W,114,110,,44,95,.463,14,38,.368,30,57,.526,.537,12,19,.632,18,22,40,31,16,10,20,21
15,15,2024-11-20,@,OKC,L,99,109,,32,79,.405,15,38,.395,17,41,.415,.500,20,28,.714,16,33,49,18,6,7,24,20
16,16,2024-11-22,@,HOU,L,88,116,,30,91,.330,11,43,.256,19,48,.396,.390,17,22,.773,13,32,45,17,9,8,21,20
17,17,2024-11-23,@,HOU,W,104,98,,34,90,.378,18,44,.409,16,46,.348,.478,18,23,.783,16,37,53,16,5,12,18,26
18,18,2024-11-25,@,MEM,L,98,123,,34,102,.333,8,46,.174,26,56,.464,.373,22,28,.786,19,25,44,22,10,7,11,21
19,19,2024-11-27,@,IND,L,114,121,,44,87,.506,16,35,.457,28,52,.538,.598,10,17,.588,13,25,38,31,6,5,14,18
20,20,2024-11-29,,SAC,W,115,106,,46,90,.511,11,37,.297,35,53,.660,.572,12,15,.800,8,32,40,27,10,3,12,17
21,21,2024-12-01,,DAL,L,131,137,,49,84,.583,18,31,.581,31,53,.585,.690,15,18,.833,10,29,39,29,7,0,21,25
22,22,2024-12-03,@,LAC,L,105,127,,41,80,.513,10,29,.345,31,51,.608,.575,13,16,.813,11,18,29,25,6,4,18,15
23,23,2024-12-06,,UTA,L,99,141,,37,95,.389,14,47,.298,23,48,.479,.463,11,17,.647,6,28,34,23,4,7,11,22
24,24,2024-12-08,@,LAL,L,98,107,,35,84,.417,9,36,.250,26,48,.542,.470,19,21,.905,12,37,49,17,4,3,18,19
25,25,2024-12-13,,SAS,L,116,118,,42,82,.512,16,41,.390,26,41,.634,.610,16,17,.941,8,28,36,25,9,5,16,22
26,26,2024-12-15,@,PHO,L,109,116,,42,94,.447,15,49,.306,27,45,.600,.527,10,13,.769,12,36,48,30,6,4,13,22
27,27,2024-12-19,,DEN,W,126,124,,45,97,.464,16,46,.348,29,51,.569,.546,20,24,.833,15,30,45,29,7,7,10,18
28,28,2024-12-21,@,SAS,L,94,114,,38,96,.396,12,43,.279,26,53,.491,.458,6,9,.667,11,33,44,21,8,3,13,15
29,29,2024-12-23,@,DAL,L,108,132,,43,93,.462,8,29,.276,35,64,.547,.505,14,19,.737,16,32,48,23,6,1,19,25
30,30,2024-12-26,,UTA,W,122,120,,45,89,.506,15,38,.395,30,51,.588,.590,17,22,.773,9,34,43,26,10,8,11,20
31,31,2024-12-28,,DAL,W,126,122,,46,92,.500,11,26,.423,35,66,.530,.560,23,29,.793,14,36,50,27,8,7,14,19
32,32,2024-12-30,,PHI,L,103,125,,37,77,.481,8,36,.222,29,41,.707,.532,21,30,.700,12,21,33,23,8,4,26,26
33,33,2025-01-02,@,LAL,L,106,114,,40,80,.500,9,26,.346,31,54,.574,.556,17,21,.810,8,34,42,24,6,4,18,15
34,34,2025-01-04,@,MIL,W,105,102,,41,85,.482,13,36,.361,28,49,.571,.559,10,13,.769,8,47,55,21,7,3,18,9
35,35,2025-01-06,@,DET,L,115,118,,48,90,.533,16,35,.457,32,55,.582,.622,3,5,.600,7,31,38,32,6,4,16,18
36,36,2025-01-08,@,NOP,W,119,100,,48,88,.545,13,36,.361,35,52,.673,.619,10,13,.769,15,29,44,24,11,7,15,14
37,37,2025-01-09,@,DAL,L,111,117,,39,93,.419,16,36,.444,23,57,.404,.505,17,20,.850,14,29,43,24,6,7,13,22
38,38,2025-01-11,,MIA,L,98,119,,36,95,.379,13,45,.289,23,50,.460,.447,13,19,.684,16,35,51,24,6,6,17,15
39,39,2025-01-14,,BRK,L,114,132,,39,86,.453,17,38,.447,22,48,.458,.552,19,24,.792,13,25,38,20,8,3,17,16
40,40,2025-01-16,,LAC,L,89,118,,34,91,.374,9,34,.265,25,57,.439,.423,12,13,.923,14,23,37,24,9,1,16,17
41,41,2025-01-18,,HOU,L,103,125,,39,86,.453,12,36,.333,27,50,.540,.523,13,18,.722,8,32,40,28,6,10,19,24
42,42,2025-01-19,,CHI,W,113,102,,42,89,.472,9,31,.290,33,58,.569,.522,20,25,.800,14,36,50,21,7,6,18,19
43,43,2025-01-21,@,MIA,W,116,107,,43,87,.494,15,43,.349,28,44,.636,.580,15,23,.652,11,36,47,25,3,5,8,13
44,44,2025-01-23,@,ORL,W,101,79,,40,82,.488,9,28,.321,31,54,.574,.543,12,19,.632,8,34,42,23,14,12,15,21
45,45,2025-01-24,@,CHO,W,102,97,,32,79,.405,11,38,.289,21,41,.512,.475,27,39,.692,15,32,47,17,12,6,17,21
46,46,2025-01-26,,OKC,L,108,118,,33,81,.407,18,40,.450,15,41,.366,.519,24,28,.857,13,31,44,21,2,6,15,27
47,47,2025-01-28,,MIL,W,125,112,,45,88,.511,12,28,.429,33,60,.550,.580,23,28,.821,17,35,52,26,6,2,15,18
48,48,2025-01-30,,ORL,W,119,90,,41,78,.526,12,25,.480,29,53,.547,.603,25,31,.806,9,29,38,23,7,5,14,18
49,49,2025-02-01,,PHO,W,127,108,,46,89,.517,9,31,.290,37,58,.638,.567,26,31,.839,10,33,43,24,11,5,10,20
50,50,2025-02-03,,PHO,W,121,119,OT,40,89,.449,16,40,.400,24,49,.490,.539,25,30,.833,14,34,48,30,6,2,13,21
51,51,2025-02-04,,IND,W,112,89,,41,92,.446,14,37,.378,27,55,.491,.522,16,17,.941,16,35,51,23,8,4,19,17
52,52,2025-02-06,,SAC,W,108,102,,39,90,.433,16,40,.400,23,50,.460,.522,14,18,.778,10,37,47,25,5,7,13,18
53,53,2025-02-08,@,MIN,L,98,114,,37,92,.402,7,35,.200,30,57,.526,.440,17,22,.773,16,29,45,18,11,6,17,24
54,54,2025-02-10,@,DEN,L,117,146,,40,88,.455,15,37,.405,25,51,.490,.540,22,26,.846,10,23,33,25,4,4,16,20
55,55,2025-02-12,@,DEN,L,121,132,,43,94,.457,14,38,.368,29,56,.518,.532,21,29,.724,14,31,45,27,7,6,12,19
56,56,2025-02-20,,LAL,L,102,110,,38,86,.442,12,37,.324,26,49,.531,.512,14,21,.667,6,27,33,27,16,7,17,24
57,57,2025-02-22,,CHO,W,141,88,,51,87,.586,20,43,.465,31,44,.705,.701,19,27,.704,11,46,57,37,11,7,19,22
58,58,2025-02-24,@,UTA,W,114,112,,41,98,.418,14,44,.318,27,54,.500,.490,18,24,.750,16,35,51,26,7,6,13,16
59,59,2025-02-26,@,WAS,W,129,121,,45,101,.446,12,37,.324,33,64,.516,.505,27,35,.771,17,29,46,27,11,4,17,28
60,60,2025-02-28,@,BRK,W,121,102,,45,78,.577,15,36,.417,30,42,.714,.673,16,27,.593,9,27,36,31,11,4,22,20
61,61,2025-03-02,@,CLE,L,129,133,OT,42,96,.438,14,40,.350,28,56,.500,.510,31,35,.886,13,33,46,25,8,1,20,26
62,62,2025-03-03,@,PHI,W,119,102,,48,99,.485,11,35,.314,37,64,.578,.540,12,19,.632,22,39,61,26,6,6,11,13
63,63,2025-03-05,@,BOS,L,118,128,,45,90,.500,16,40,.400,29,50,.580,.589,12,17,.706,8,31,39,19,4,3,8,16
64,64,2025-03-07,@,OKC,L,89,107,,33,95,.347,8,43,.186,25,52,.481,.389,15,18,.833,14,39,53,15,6,4,17,16
65,65,2025-03-09,,DET,L,112,119,,36,93,.387,15,50,.300,21,43,.488,.468,25,32,.781,10,31,41,17,7,4,13,27
66,66,2025-03-10,@,GSW,L,120,130,,44,91,.484,18,42,.429,26,49,.531,.582,14,17,.824,15,28,43,31,9,5,19,13
67,67,2025-03-12,,NYK,L,113,114,OT,40,90,.444,17,42,.405,23,48,.479,.539,16,25,.640,21,31,52,20,6,6,25,18
68,68,2025-03-16,,TOR,W,105,102,,36,88,.409,18,50,.360,18,38,.474,.511,15,18,.833,19,32,51,21,10,7,22,20
69,69,2025-03-17,,WAS,W,112,97,,42,99,.424,15,46,.326,27,53,.509,.500,13,19,.684,14,36,50,25,15,3,9,10
70,70,2025-03-19,,MEM,W,115,99,,40,96,.417,18,46,.391,22,50,.440,.510,17,21,.810,22,43,65,25,3,6,17,17
71,71,2025-03-21,,DEN,W,128,109,,47,87,.540,14,35,.400,33,52,.635,.621,20,25,.800,15,23,38,30,12,6,17,18
72,72,2025-03-23,,BOS,L,116,129,,43,88,.489,19,47,.404,24,41,.585,.597,11,16,.688,11,27,38,24,6,3,12,11
73,73,2025-03-25,,CLE,L,111,122,,40,100,.400,17,52,.327,23,48,.479,.485,14,22,.636,19,26,45,28,9,3,10,15
74,74,2025-03-27,@,SAC,L,107,128,,35,88,.398,16,50,.320,19,38,.500,.489,21,26,.808,15,17,32,23,11,3,12,20
75,75,2025-03-30,@,NYK,L,93,110,,38,87,.437,9,36,.250,29,51,.569,.489,8,14,.571,13,26,39,19,9,4,14,12
76,76,2025-04-01,@,ATL,W,127,113,,47,103,.456,13,41,.317,34,62,.548,.519,20,27,.741,19,35,54,30,13,5,17,18
77,77,2025-04-03,@,TOR,W,112,103,,42,86,.488,10,34,.294,32,52,.615,.547,18,20,.900,17,37,54,20,10,6,25,13
78,78,2025-04-04,@,CHI,L,113,118,,44,115,.383,11,42,.262,33,73,.452,.430,14,18,.778,19,35,54,23,7,5,5,21
79,79,2025-04-06,,SAS,W,120,109,,42,89,.472,15,41,.366,27,48,.563,.556,21,27,.778,8,36,44,25,10,5,15,20
80,80,2025-04-09,@,UTA,L,126,133,OT,48,104,.462,11,45,.244,37,59,.627,.514,19,28,.679,14,29,43,27,13,5,17,23
81,81,2025-04-11,,GSW,L,86,103,,32,85,.376,6,30,.200,26,55,.473,.412,16,22,.727,13,39,52,21,9,5,22,20
82,82,2025-04-13,,LAL,W,109,81,,42,96,.438,15,42,.357,27,54,.500,.516,10,21,.476,27,29,56,27,7,6,16,16
,,,,,36-46,9093,9337,,3325,7396,.450,1057,3095,.342,2268,4301,.527,.521,1386,1820,.762,1095,2576,3671,1952,678,433,1309,1558


Provided by <a href="https://www.sports-reference.com/sharing.html?utm_source=direct&utm_medium=Share&utm_campaign=ShareTool&__hstc=180814520.e26d614bdbd8cfa12849079b47e91770.1763092167763.1763698976233.1764551499032.8&__hssc=180814520.48.1764551499032&__hsfp=2985364436">Basketball-Reference.com</a>: <a href="https://www.basketball-reference.com/teams/POR/2025/gamelog/?sr&utm_source=direct&utm_medium=Share&utm_campaign=ShareTool#team_game_log_reg">View Original Table</a><br>Generated 11/30/2025.