Rk,Gtm,Date,,Opp,Rslt,Tm,Opp,OT,FG,FGA,FG%,3P,3PA,3P%,2P,2PA,2P%,eFG%,FT,FTA,FT%,ORB,DRB,TRB,AST,STL,BLK,TOV,PF
1,1,2024-10-23,,CLE,L,106,136,,36,86,.419,12,31,.387,24,55,.436,.488,22,29,.759,14,24,38,25,8,6,19,24
2,2,2024-10-25,,PHI,W,115,107,,35,76,.461,6,23,.261,29,53,.547,.500,39,46,.848,18,36,54,25,11,13,27,34
3,3,2024-10-26,@,MIN,L,101,112,,41,90,.456,10,29,.345,31,61,.508,.511,9,13,.692,12,34,46,29,9,4,20,22
4,4,2024-10-28,,DEN,L,125,127,OT,49,109,.450,10,35,.286,39,74,.527,.495,17,21,.810,18,36,54,30,7,7,15,27
5,5,2024-10-30,@,CHO,L,133,138,,52,91,.571,9,28,.321,43,63,.683,.621,20,30,.667,13,28,41,37,9,5,14,25
6,6,2024-11-01,,LAL,L,125,131,,52,107,.486,10,35,.286,42,72,.583,.533,11,13,.846,15,29,44,35,4,6,11,29
7,7,2024-11-02,,SAC,W,131,128,OT,46,95,.484,17,37,.459,29,58,.500,.574,22,31,.710,12,34,46,31,13,3,19,25
8,8,2024-11-04,@,DEN,L,119,121,,47,103,.456,13,39,.333,34,64,.531,.519,12,18,.667,14,27,41,38,12,3,14,27
9,9,2024-11-06,@,SAC,L,107,122,,43,88,.489,10,34,.294,33,54,.611,.545,11,15,.733,8,26,34,25,7,1,12,23
10,10,2024-11-09,@,LAC,L,103,105,,40,95,.421,11,37,.297,29,58,.500,.479,12,21,.571,12,32,44,26,8,5,10,23
11,11,2024-11-10,@,LAL,L,103,123,,37,82,.451,10,29,.345,27,53,.509,.512,19,22,.864,12,28,40,26,2,2,18,23
12,12,2024-11-12,@,MIL,L,85,99,,30,86,.349,9,25,.360,21,61,.344,.401,16,20,.800,17,37,54,20,11,6,22,11
13,13,2024-11-15,,DET,L,95,99,,35,97,.361,8,31,.258,27,66,.409,.402,17,22,.773,17,36,53,21,7,6,15,13
14,14,2024-11-16,@,BOS,L,123,126,OT,50,98,.510,9,23,.391,41,75,.547,.556,14,21,.667,15,31,46,35,3,2,9,19
15,15,2024-11-18,,IND,W,130,119,,48,82,.585,14,29,.483,34,53,.642,.671,20,28,.714,10,36,46,27,5,9,23,26
16,16,2024-11-21,,MIN,W,110,105,,37,72,.514,7,23,.304,30,49,.612,.563,29,39,.744,10,33,43,22,11,1,17,24
17,17,2024-11-24,@,CLE,L,108,122,,37,92,.402,12,39,.308,25,53,.472,.467,22,34,.647,19,36,55,22,9,5,16,18
18,18,2024-11-25,@,DET,L,100,102,,41,104,.394,10,35,.286,31,69,.449,.442,8,10,.800,23,27,50,26,7,5,10,27
19,19,2024-11-27,@,NOP,W,119,93,,47,95,.495,21,52,.404,26,43,.605,.605,4,12,.333,12,40,52,38,11,4,16,16
20,20,2024-11-29,@,MIA,L,111,121,,43,80,.538,11,29,.379,32,51,.627,.606,14,17,.824,10,36,46,34,4,3,19,17
21,21,2024-12-01,,MIA,W,119,116,,47,88,.534,10,29,.345,37,59,.627,.591,15,20,.750,10,37,47,30,4,5,16,23
22,22,2024-12-03,,IND,W,122,111,,44,81,.543,13,33,.394,31,48,.646,.623,21,29,.724,6,36,42,28,9,4,21,26
23,23,2024-12-05,,OKC,L,92,129,,32,90,.356,11,45,.244,21,45,.467,.417,17,20,.850,12,39,51,24,5,7,20,16
24,24,2024-12-07,,DAL,L,118,125,,43,93,.462,15,39,.385,28,54,.519,.543,17,18,.944,8,31,39,37,13,3,13,22
25,25,2024-12-09,,NYK,L,108,113,,43,96,.448,13,35,.371,30,61,.492,.516,9,11,.818,17,34,51,23,4,4,13,16
26,26,2024-12-12,@,MIA,L,104,114,,41,92,.446,11,32,.344,30,60,.500,.505,11,15,.733,9,33,42,29,8,5,12,24
27,27,2024-12-16,,CHI,L,121,122,,45,92,.489,9,26,.346,36,66,.545,.538,22,30,.733,10,34,44,28,7,6,18,21
28,28,2024-12-19,,BRK,L,94,101,,34,86,.395,15,44,.341,19,42,.452,.483,11,14,.786,10,24,34,26,6,4,12,29
29,29,2024-12-22,,HOU,L,110,114,,42,92,.457,17,43,.395,25,49,.510,.549,9,13,.692,11,31,42,33,10,3,21,25
30,30,2024-12-23,@,NYK,L,125,139,,42,77,.545,11,28,.393,31,49,.633,.617,30,37,.811,4,26,30,28,6,3,15,25
31,31,2024-12-26,@,MEM,L,126,155,,49,108,.454,14,43,.326,35,65,.538,.519,14,18,.778,13,27,40,39,8,3,15,23
32,32,2024-12-29,,ATL,L,107,136,,38,85,.447,7,24,.292,31,61,.508,.488,24,27,.889,15,37,52,26,10,4,31,26
33,33,2024-12-31,@,BOS,L,71,125,,27,86,.314,10,40,.250,17,46,.370,.372,7,11,.636,14,30,44,18,8,4,21,16
34,34,2025-01-01,,BRK,W,130,113,,52,88,.591,16,32,.500,36,56,.643,.682,10,13,.769,8,31,39,36,8,6,11,20
35,35,2025-01-03,,ORL,L,97,106,,38,80,.475,10,29,.345,28,51,.549,.538,11,13,.846,7,30,37,28,6,1,11,11
36,36,2025-01-06,,MIL,L,104,128,,41,91,.451,9,35,.257,32,56,.571,.500,13,21,.619,10,25,35,27,11,4,15,15
37,37,2025-01-08,@,NYK,L,98,112,,38,77,.494,10,26,.385,28,51,.549,.558,12,15,.800,8,25,33,25,9,6,17,15
38,38,2025-01-09,@,CLE,L,126,132,,53,89,.596,14,31,.452,39,58,.672,.674,6,13,.462,9,28,37,34,9,2,13,17
39,39,2025-01-11,@,DET,L,114,123,,40,92,.435,16,38,.421,24,54,.444,.522,18,27,.667,15,30,45,27,12,3,12,21
40,40,2025-01-13,,GSW,W,104,101,,41,86,.477,12,29,.414,29,57,.509,.547,10,15,.667,14,30,44,28,3,9,15,18
41,41,2025-01-15,,BOS,W,110,97,,45,89,.506,11,34,.324,34,55,.618,.567,9,15,.600,13,43,56,35,4,4,11,19
42,42,2025-01-17,@,MIL,L,112,130,,43,91,.473,8,34,.235,35,57,.614,.516,18,24,.750,13,30,43,31,6,4,14,28
43,43,2025-01-21,,ORL,W,109,93,,39,73,.534,13,24,.542,26,49,.531,.623,18,28,.643,5,37,42,29,7,6,12,22
44,44,2025-01-23,@,ATL,W,122,119,,47,81,.580,9,21,.429,38,60,.633,.636,19,24,.792,6,33,39,32,10,2,20,26
45,45,2025-01-25,@,ATL,W,117,94,,42,90,.467,11,30,.367,31,60,.517,.528,22,25,.880,9,42,51,31,11,7,21,20
46,46,2025-01-27,,NOP,W,113,104,,43,100,.430,9,33,.273,34,67,.507,.475,18,23,.783,13,41,54,31,8,5,13,24
47,47,2025-01-29,@,WAS,W,106,82,,42,88,.477,11,31,.355,31,57,.544,.540,11,15,.733,7,29,36,31,12,3,14,27
48,48,2025-01-31,,CHI,L,106,122,,39,92,.424,10,30,.333,29,62,.468,.478,18,27,.667,7,37,44,27,6,8,7,13
49,49,2025-02-02,,LAC,W,115,108,,44,85,.518,13,25,.520,31,60,.517,.594,14,16,.875,10,33,43,31,6,6,14,17
50,50,2025-02-04,,NYK,L,115,121,,43,82,.524,11,29,.379,32,53,.604,.591,18,19,.947,10,24,34,27,7,4,14,22
51,51,2025-02-05,,MEM,L,107,138,,39,98,.398,12,42,.286,27,56,.482,.459,17,19,.895,14,20,34,28,11,3,10,29
52,52,2025-02-07,@,OKC,L,109,121,,39,91,.429,19,41,.463,20,50,.400,.533,12,19,.632,14,28,42,31,9,6,12,24
53,53,2025-02-09,@,HOU,L,87,94,,33,90,.367,8,42,.190,25,48,.521,.411,13,17,.765,7,41,48,19,5,6,10,21
54,54,2025-02-11,@,PHI,W,106,103,,38,82,.463,11,33,.333,27,49,.551,.530,19,23,.826,10,39,49,23,8,4,19,20
55,55,2025-02-12,,CLE,L,108,131,,42,91,.462,10,29,.345,32,62,.516,.516,14,21,.667,9,30,39,26,7,5,15,14
56,56,2025-02-21,,MIA,L,111,120,OT,38,91,.418,17,43,.395,21,48,.438,.511,18,23,.783,14,32,46,25,8,2,14,19
57,57,2025-02-23,,PHO,W,127,109,,43,88,.489,20,35,.571,23,53,.434,.602,21,30,.700,14,35,49,30,6,1,14,23
58,58,2025-02-25,,BOS,L,101,111,,42,83,.506,5,33,.152,37,50,.740,.536,12,16,.750,10,30,40,27,10,1,17,14
59,59,2025-02-26,@,IND,L,91,111,,37,87,.425,6,27,.222,31,60,.517,.460,11,16,.688,11,29,40,23,8,2,21,15
60,60,2025-02-28,@,CHI,L,115,125,OT,43,103,.417,13,37,.351,30,66,.455,.481,16,20,.800,16,35,51,30,4,3,17,21
61,61,2025-03-02,@,ORL,W,104,102,,37,80,.463,7,22,.318,30,58,.517,.506,23,30,.767,12,28,40,22,8,4,15,33
62,62,2025-03-04,@,ORL,W,114,113,,38,80,.475,12,30,.400,26,50,.520,.550,26,35,.743,13,35,48,28,7,8,20,25
63,63,2025-03-07,,UTA,W,118,109,,40,104,.385,14,46,.304,26,58,.448,.452,24,28,.857,22,26,48,27,13,5,10,29
64,64,2025-03-08,,WAS,L,117,118,,40,95,.421,10,26,.385,30,69,.435,.474,27,30,.900,22,27,49,24,11,6,15,17
65,65,2025-03-10,,WAS,W,119,104,,43,109,.394,16,49,.327,27,60,.450,.468,17,29,.586,28,45,73,26,3,2,9,18
66,66,2025-03-12,,PHI,W,118,105,,44,100,.440,16,40,.400,28,60,.467,.520,14,18,.778,17,42,59,33,7,5,22,17
67,67,2025-03-14,@,UTA,W,126,118,,44,91,.484,12,32,.375,32,59,.542,.549,26,35,.743,10,41,51,28,9,6,15,26
68,68,2025-03-16,@,POR,L,102,105,,38,94,.404,10,31,.323,28,63,.444,.457,16,20,.800,19,28,47,29,12,0,18,22
69,69,2025-03-17,@,PHO,L,89,129,,31,87,.356,10,35,.286,21,52,.404,.414,17,23,.739,12,28,40,20,4,2,12,15
70,70,2025-03-20,@,GSW,L,114,117,,44,78,.564,11,26,.423,33,52,.635,.635,15,19,.789,7,37,44,32,7,4,23,24
71,71,2025-03-23,,SAS,L,89,123,,35,92,.380,10,39,.256,25,53,.472,.435,9,13,.692,16,30,46,27,8,3,22,21
72,72,2025-03-24,@,WAS,W,112,104,,41,101,.406,10,36,.278,31,65,.477,.455,20,27,.741,17,43,60,28,11,6,12,23
73,73,2025-03-26,@,BRK,W,116,86,,43,102,.422,10,33,.303,33,69,.478,.471,20,23,.870,17,46,63,34,5,3,12,22
74,74,2025-03-28,,CHO,W,108,97,,42,95,.442,14,44,.318,28,51,.549,.516,10,15,.667,11,34,45,28,9,5,6,15
75,75,2025-03-30,@,PHI,W,127,109,,49,103,.476,17,38,.447,32,65,.492,.558,12,18,.667,13,33,46,32,10,4,11,13
76,76,2025-04-01,@,CHI,L,118,137,,44,97,.454,20,45,.444,24,52,.462,.557,10,11,.909,9,26,35,35,7,3,12,20
77,77,2025-04-03,,POR,L,103,112,,44,96,.458,12,34,.353,32,62,.516,.521,3,5,.600,13,22,35,29,14,1,18,19
78,78,2025-04-04,,DET,L,105,117,,38,91,.418,13,37,.351,25,54,.463,.489,16,20,.800,16,33,49,24,9,6,16,24
79,79,2025-04-06,@,BRK,W,120,109,,47,94,.500,12,36,.333,35,58,.603,.564,14,22,.636,13,34,47,30,16,4,19,21
80,80,2025-04-09,,CHO,W,126,96,,49,104,.471,19,52,.365,30,52,.577,.563,9,12,.750,16,39,55,37,8,2,9,16
81,81,2025-04-11,@,DAL,L,102,124,,40,100,.400,11,39,.282,29,61,.475,.455,11,18,.611,16,27,43,22,11,4,11,15
82,82,2025-04-13,@,SAS,L,118,125,,46,97,.474,14,39,.359,32,58,.552,.546,12,16,.750,12,30,42,32,8,1,13,23
,,,,,30-52,9091,9443,,3414,7462,.458,969,2786,.348,2445,4676,.523,.522,1294,1729,.748,1034,2666,3700,2340,664,348,1257,1738


Provided by <a href="https://www.sports-reference.com/sharing.html?utm_source=direct&utm_medium=Share&utm_campaign=ShareTool&__hstc=180814520.e26d614bdbd8cfa12849079b47e91770.1763092167763.1763698976233.1764551499032.8&__hssc=180814520.54.1764551499032&__hsfp=2985364436">Basketball-Reference.com</a>: <a href="https://www.basketball-reference.com/teams/TOR/2025/gamelog/?sr&utm_source=direct&utm_medium=Share&utm_campaign=ShareTool#team_game_log_reg">View Original Table</a><br>Generated 11/30/2025.