Rk,Gtm,Date,,Opp,Rslt,Tm,Opp,OT,FG,FGA,FG%,3P,3PA,3P%,2P,2PA,2P%,eFG%,FT,FTA,FT%,ORB,DRB,TRB,AST,STL,BLK,TOV,PF
1,1,2024-10-24,,BOS,L,102,122,,41,95,.432,7,36,.194,34,59,.576,.468,13,18,.722,10,30,40,27,9,6,15,19
2,2,2024-10-26,,CLE,L,116,135,,37,96,.385,15,43,.349,22,53,.415,.464,27,32,.844,18,28,46,25,6,9,15,25
3,3,2024-10-28,@,ATL,W,121,119,,41,91,.451,21,44,.477,20,47,.426,.566,18,22,.818,9,34,43,24,7,3,18,25
4,4,2024-10-30,,ATL,W,133,120,,47,89,.528,16,38,.421,31,51,.608,.618,23,25,.920,6,31,37,32,10,5,16,21
5,5,2024-11-02,,MIA,L,98,118,,38,91,.418,7,35,.200,31,56,.554,.456,15,21,.714,8,36,44,23,12,10,12,22
6,6,2024-11-04,,GSW,L,112,125,,42,96,.438,10,43,.233,32,53,.604,.490,18,21,.857,8,39,47,29,4,8,10,23
7,7,2024-11-08,@,MEM,L,104,128,,38,93,.409,9,35,.257,29,58,.500,.457,19,23,.826,11,30,41,27,14,8,18,27
8,8,2024-11-10,@,ORL,L,94,121,,33,72,.458,10,33,.303,23,39,.590,.528,18,25,.720,7,30,37,20,4,7,17,25
9,9,2024-11-11,@,HOU,L,92,107,,36,88,.409,11,31,.355,25,57,.439,.472,9,13,.692,8,26,34,21,14,5,19,17
10,10,2024-11-13,@,SAS,L,130,139,,49,95,.516,18,44,.409,31,51,.608,.611,14,16,.875,11,30,41,27,5,5,18,23
11,11,2024-11-15,@,ATL,L,117,129,,43,106,.406,15,43,.349,28,63,.444,.476,16,21,.762,13,39,52,28,11,5,16,23
12,12,2024-11-17,,DET,L,104,124,,39,83,.470,12,27,.444,27,56,.482,.542,14,20,.700,5,34,39,21,6,3,17,16
13,13,2024-11-18,@,NYK,L,106,134,,43,91,.473,11,33,.333,32,58,.552,.533,9,16,.563,12,29,41,23,5,3,10,19
14,14,2024-11-22,,BOS,L,96,108,,39,90,.433,7,28,.250,32,62,.516,.472,11,16,.688,10,38,48,19,6,4,20,29
15,15,2024-11-24,@,IND,L,103,115,,36,79,.456,11,35,.314,25,44,.568,.525,20,25,.800,8,33,41,24,8,5,17,19
16,16,2024-11-26,,CHI,L,108,127,,39,91,.429,10,37,.270,29,54,.537,.484,20,31,.645,5,38,43,27,7,3,14,18
17,17,2024-11-27,,LAC,L,96,121,,35,85,.412,8,33,.242,27,52,.519,.459,18,22,.818,11,29,40,21,9,4,20,18
18,18,2024-11-30,@,MIL,L,114,124,,41,87,.471,9,32,.281,32,55,.582,.523,23,24,.958,8,33,41,24,7,3,12,26
19,19,2024-12-03,@,CLE,L,87,118,,32,83,.386,4,26,.154,28,57,.491,.410,19,25,.760,13,39,52,18,4,8,21,21
20,20,2024-12-05,,DAL,L,101,137,,39,99,.394,13,40,.325,26,59,.441,.460,10,15,.667,12,27,39,25,10,3,12,19
21,21,2024-12-07,,DEN,W,122,113,,45,93,.484,16,41,.390,29,52,.558,.570,16,22,.727,15,31,46,31,9,12,17,21
22,22,2024-12-08,,MEM,L,112,140,,43,100,.430,6,32,.188,37,68,.544,.460,20,22,.909,20,32,52,20,10,5,21,25
23,23,2024-12-13,@,CLE,L,105,115,,41,86,.477,14,40,.350,27,46,.587,.558,9,11,.818,6,38,44,24,7,7,18,28
24,24,2024-12-15,,BOS,L,98,112,,40,99,.404,13,40,.325,27,59,.458,.470,5,8,.625,17,34,51,22,10,7,16,25
25,25,2024-12-19,,CHO,W,123,114,,41,83,.494,17,42,.405,24,41,.585,.596,24,31,.774,12,40,52,33,5,8,18,18
26,26,2024-12-21,@,MIL,L,101,112,,36,81,.444,18,42,.429,18,39,.462,.556,11,16,.688,8,39,47,20,7,4,19,10
27,27,2024-12-23,@,OKC,L,105,123,,36,91,.396,16,43,.372,20,48,.417,.484,17,20,.850,13,38,51,25,7,8,19,16
28,28,2024-12-26,,CHO,W,113,110,,39,91,.429,14,44,.318,25,47,.532,.505,21,28,.750,8,35,43,25,9,7,11,19
29,29,2024-12-28,,NYK,L,132,136,OT,51,99,.515,17,38,.447,34,61,.557,.601,13,15,.867,11,33,44,32,7,4,17,22
30,30,2024-12-30,,NYK,L,106,126,,39,92,.424,12,43,.279,27,49,.551,.489,16,22,.727,12,34,46,25,6,8,13,23
31,31,2025-01-01,,CHI,W,125,107,,49,99,.495,17,36,.472,32,63,.508,.581,10,12,.833,8,34,42,36,11,3,17,13
32,32,2025-01-03,@,NOP,L,120,132,,45,84,.536,9,28,.321,36,56,.643,.589,21,27,.778,14,34,48,28,6,0,21,23
33,33,2025-01-05,,NOP,L,98,110,,38,89,.427,11,41,.268,27,48,.563,.489,11,14,.786,9,37,46,25,6,4,16,18
34,34,2025-01-07,,HOU,L,112,135,,41,89,.461,15,40,.375,26,49,.531,.545,15,20,.750,16,27,43,21,6,4,18,19
35,35,2025-01-08,@,PHI,L,103,109,,42,94,.447,13,30,.433,29,64,.453,.516,6,9,.667,18,33,51,26,3,6,18,18
36,36,2025-01-10,@,CHI,L,105,138,,39,98,.398,18,46,.391,21,52,.404,.490,9,13,.692,13,32,45,26,6,4,16,15
37,37,2025-01-12,,OKC,L,95,136,,28,83,.337,9,46,.196,19,37,.514,.392,30,33,.909,8,31,39,20,6,6,18,23
38,38,2025-01-13,,MIN,L,106,120,,40,91,.440,17,40,.425,23,51,.451,.533,9,15,.600,8,26,34,27,13,3,11,18
39,39,2025-01-16,,PHO,L,123,130,,46,92,.500,13,41,.317,33,51,.647,.571,18,27,.667,12,33,45,28,13,4,13,22
40,40,2025-01-18,@,GSW,L,114,122,,38,86,.442,22,45,.489,16,41,.390,.570,16,23,.696,11,33,44,24,5,2,14,21
41,41,2025-01-19,@,SAC,L,100,123,,32,89,.360,10,42,.238,22,47,.468,.416,26,32,.813,10,36,46,19,6,1,17,16
42,42,2025-01-21,@,LAL,L,88,111,,34,95,.358,11,43,.256,23,52,.442,.416,9,13,.692,9,37,46,25,8,8,13,18
43,43,2025-01-23,@,LAC,L,93,110,,32,94,.340,11,46,.239,21,48,.438,.399,18,21,.857,14,35,49,24,14,1,16,21
44,44,2025-01-25,@,PHO,L,109,119,,42,90,.467,18,41,.439,24,49,.490,.567,7,9,.778,5,32,37,28,8,5,8,17
45,45,2025-01-27,@,DAL,L,108,130,,42,101,.416,11,37,.297,31,64,.484,.470,13,17,.765,14,31,45,23,5,3,11,15
46,46,2025-01-29,,TOR,L,82,106,,28,72,.389,5,30,.167,23,42,.548,.424,21,29,.724,10,33,43,17,6,5,27,21
47,47,2025-01-30,,LAL,L,96,134,,29,91,.319,10,44,.227,19,47,.404,.374,28,34,.824,12,26,38,18,4,6,15,18
48,48,2025-02-01,@,MIN,W,105,103,,38,83,.458,15,33,.455,23,50,.460,.548,14,17,.824,7,37,44,26,7,6,17,21
49,49,2025-02-03,@,CHO,W,124,114,,44,99,.444,17,51,.333,27,48,.563,.530,19,23,.826,18,36,54,29,6,5,11,21
50,50,2025-02-05,@,BRK,W,119,102,,44,81,.543,20,43,.465,24,38,.632,.667,11,14,.786,7,33,40,40,6,3,15,21
51,51,2025-02-07,,CLE,L,124,134,,46,94,.489,16,44,.364,30,50,.600,.574,16,25,.640,16,24,40,25,8,2,15,17
52,52,2025-02-08,,ATL,L,111,125,,41,93,.441,9,36,.250,32,57,.561,.489,20,21,.952,14,39,53,26,6,2,18,18
53,53,2025-02-10,,SAS,L,121,131,,45,93,.484,14,47,.298,31,46,.674,.559,17,19,.895,10,32,42,26,5,3,14,23
54,54,2025-02-12,,IND,L,130,134,OT,47,97,.485,23,45,.511,24,52,.462,.603,13,16,.813,7,39,46,29,5,7,18,20
55,55,2025-02-21,,MIL,L,101,104,,35,87,.402,12,39,.308,23,48,.479,.471,19,27,.704,8,34,42,25,9,4,14,21
56,56,2025-02-23,@,ORL,L,90,110,,32,78,.410,10,38,.263,22,40,.550,.474,16,22,.727,4,32,36,22,5,4,20,23
57,57,2025-02-24,,BRK,W,107,99,,35,70,.500,13,31,.419,22,39,.564,.593,24,25,.960,7,30,37,26,7,8,24,26
58,58,2025-02-26,,POR,L,121,129,,43,83,.518,12,36,.333,31,47,.660,.590,23,33,.697,7,34,41,25,9,8,19,26
59,59,2025-03-01,@,CHO,W,113,100,,40,88,.455,17,50,.340,23,38,.605,.551,16,17,.941,12,36,48,33,13,7,15,10
60,60,2025-03-03,@,MIA,L,90,106,,31,84,.369,10,35,.286,21,49,.429,.429,18,22,.818,7,36,43,22,8,0,13,17
61,61,2025-03-05,,UTA,W,125,122,,42,95,.442,17,47,.362,25,48,.521,.532,24,29,.828,10,35,45,32,9,12,9,18
62,62,2025-03-08,@,TOR,W,118,117,,44,100,.440,13,38,.342,31,62,.500,.505,17,23,.739,22,28,50,29,12,7,16,18
63,63,2025-03-10,@,TOR,L,104,119,,38,105,.362,16,55,.291,22,50,.440,.438,12,15,.800,16,38,54,25,5,12,8,20
64,64,2025-03-11,@,DET,L,103,123,,37,92,.402,13,39,.333,24,53,.453,.473,16,20,.800,12,35,47,20,7,4,13,18
65,65,2025-03-13,@,DET,W,129,125,,43,90,.478,20,45,.444,23,45,.511,.589,23,27,.852,10,37,47,30,10,5,16,29
66,66,2025-03-15,@,DEN,W,126,123,,46,95,.484,19,45,.422,27,50,.540,.584,15,17,.882,13,31,44,34,11,4,17,17
67,67,2025-03-17,@,POR,L,97,112,,38,92,.413,12,40,.300,26,52,.500,.478,9,12,.750,11,38,49,27,6,7,16,16
68,68,2025-03-19,@,UTA,L,112,128,,43,93,.462,12,45,.267,31,48,.646,.527,14,18,.778,13,24,37,30,12,4,14,13
69,69,2025-03-21,,ORL,L,105,120,,37,87,.425,17,39,.436,20,48,.417,.523,14,19,.737,8,33,41,23,11,4,15,10
70,70,2025-03-22,@,NYK,L,103,122,,39,88,.443,11,36,.306,28,52,.538,.506,14,19,.737,10,31,41,21,9,5,20,23
71,71,2025-03-24,,TOR,L,104,112,,35,87,.402,11,37,.297,24,50,.480,.466,23,34,.676,9,39,48,24,8,9,17,19
72,72,2025-03-26,@,PHI,W,119,114,,48,95,.505,18,44,.409,30,51,.588,.600,5,12,.417,13,36,49,30,3,6,11,12
73,73,2025-03-27,,IND,L,109,162,,38,85,.447,11,30,.367,27,55,.491,.512,22,26,.846,12,19,31,19,9,2,15,15
74,74,2025-03-29,,BRK,L,112,115,,37,85,.435,9,34,.265,28,51,.549,.488,29,33,.879,7,33,40,21,5,7,6,15
75,75,2025-03-31,,MIA,L,94,120,,34,86,.395,13,43,.302,21,43,.488,.471,13,18,.722,5,34,39,22,14,4,18,20
76,76,2025-04-02,,SAC,W,116,111,,43,84,.512,17,43,.395,26,41,.634,.613,13,18,.722,7,34,41,24,6,3,14,21
77,77,2025-04-03,,ORL,L,97,109,,38,85,.447,12,30,.400,26,55,.473,.518,9,11,.818,8,30,38,16,4,3,13,20
78,78,2025-04-06,@,BOS,L,90,124,,35,86,.407,12,45,.267,23,41,.561,.477,8,10,.800,11,21,32,21,5,3,10,10
79,79,2025-04-08,@,IND,L,98,104,,38,91,.418,11,39,.282,27,52,.519,.478,11,15,.733,13,37,50,18,2,8,14,27
80,80,2025-04-09,,PHI,L,103,122,,34,87,.391,10,33,.303,24,54,.444,.448,25,30,.833,13,34,47,22,9,2,17,25
81,81,2025-04-11,@,CHI,L,89,119,,35,91,.385,10,41,.244,25,50,.500,.440,9,12,.750,8,33,41,26,7,5,18,16
82,82,2025-04-13,@,MIA,W,119,118,,46,90,.511,16,37,.432,30,53,.566,.600,11,17,.647,6,37,43,33,4,3,11,14
,,,,,18-64,8856,9876,,3233,7371,.439,1075,3210,.335,2158,4161,.519,.512,1315,1690,.778,867,2716,3583,2058,623,420,1276,1618


Provided by <a href="https://www.sports-reference.com/sharing.html?utm_source=direct&utm_medium=Share&utm_campaign=ShareTool&__hstc=180814520.e26d614bdbd8cfa12849079b47e91770.1763092167763.1763698976233.1764551499032.8&__hssc=180814520.57.1764551499032&__hsfp=2985364436">Basketball-Reference.com</a>: <a href="https://www.basketball-reference.com/teams/WAS/2025/gamelog/?sr&utm_source=direct&utm_medium=Share&utm_campaign=ShareTool#team_game_log_reg">View Original Table</a><br>Generated 11/30/2025.